# As, ns, H0, w0, wa, omega_b, omega_cdm, m_ncdm, z
2.335449546047396952e-09 9.689259933370030220e-01 6.124619679633333647e+01 -1.530079065489612811e+00 -1.531233598896350134e+00 1.974486298943723891e-02 1.154228414458937091e-01 3.094190232003964092e-02
1.826875617969473979e-09 1.004464854138783947e+00 7.609485523523642314e+01 -1.116468379792873833e+00 -1.532171825969434353e+00 2.502239941305999665e-02 1.068212462879828822e-01 4.019261291537941649e-01
2.536846602338339228e-09 9.365751699280460141e-01 6.822941272862307471e+01 -8.922195594552194686e-01 -4.003738228986442049e-01 2.528851602561484058e-02 1.381649112995712581e-01 1.626175648539830432e-01
1.584744693654479454e-09 9.692237397205829552e-01 5.613245869817749423e+01 -1.487630132416898787e+00 -9.072258418628400545e-01 2.161504805060139936e-02 1.383924834016795058e-01 1.137488885922478266e-01
1.603766974718486658e-09 9.999947594805850271e-01 8.169927660551331883e+01 -1.329773675803165300e+00 -1.276382402568621899e+00 2.423664128307646132e-02 1.416021068493273916e-01 2.528270120448847247e-01
2.036427843879541243e-09 1.006872680382245200e+00 7.906400180733346872e+01 -1.280997742218941138e+00 -1.054922325318018217e+00 2.424728547483724975e-02 1.171487391420175661e-01 2.921075220725416477e-01
1.267590635107607305e-09 1.006606704250981865e+00 7.526583588002461056e+01 -1.483371864377426297e+00 -1.511501243460494859e+00 2.134625624857309015e-02 1.425737205592949586e-01 2.756517832398894252e-01
2.664052199171671257e-09 9.428601035105849126e-01 8.169267258644464391e+01 -1.472615784387821147e+00 -1.762986886241647344e+00 2.016312856536398024e-02 9.549592133652005932e-02 4.293285418026069888e-01
2.267980198930522802e-09 9.998315987920383119e-01 8.130719689527947480e+01 -1.325782315324610661e+00 -1.443549844891796052e+00 2.048675530786744567e-02 1.501474476347613995e-01 1.218155534880765722e-01
3.006923856006705794e-09 1.002893984209014100e+00 7.858188305673496643e+01 -5.407219720171150268e-01 -3.123697951254524874e-01 1.900774390802721647e-02 1.097816092640195168e-01 4.708642699013855237e-01
2.710990657690694957e-09 9.605770357696830075e-01 6.024940546971190258e+01 -1.243175274659708673e+00 -4.478811989812803152e-01 2.707920114156304667e-02 1.150565054956413646e-01 2.605601406210959481e-01
2.948264213541886725e-09 9.836279848441307205e-01 7.499962679420508493e+01 -7.687265075092869493e-01 -1.243583753568237249e+00 2.225466597419498149e-02 1.567970391479594494e-01 4.151201496331271001e-01
1.969731764908641091e-09 9.932419385920643329e-01 5.959565316561921122e+01 -1.091949776703213804e+00 -1.901416976255860591e+00 1.883288592143496018e-02 1.215931549814648904e-01 2.073417254576934154e-01
1.407488857030294582e-09 9.497657111411875741e-01 6.588818120687290047e+01 -7.152669181210010718e-01 -1.732129271615127752e+00 2.417453009896809377e-02 1.080977802302157953e-01 3.331294310686651050e-01
1.968599039593189131e-09 9.765486647290282374e-01 6.688892597343908619e+01 -1.551143201430794205e+00 -2.107753798182399052e-03 2.565041677534393369e-02 1.482351794031844250e-01 3.183902033372827400e-01
1.535781751438250761e-09 9.324459557720639058e-01 6.526505851332933617e+01 -6.620217411254134543e-01 -1.404370826580249698e+00 1.843481593895741552e-02 1.050458857289419401e-01 3.927094326498864474e-01
2.623468938967282865e-09 9.360773093160502656e-01 6.785046937395975419e+01 -1.051682222933603139e+00 -4.872284367012653661e-01 2.435340159296158283e-02 1.299338912257128054e-01 1.299188233652655462e-02
1.611217123636089245e-09 9.792912884374130877e-01 6.296734220997269915e+01 -5.800728920779860687e-01 -2.035337697563870396e-01 2.329668412158950735e-02 1.261730335032318073e-01 2.320705037710835417e-01
2.851741759756282710e-09 9.547685137937922395e-01 6.939328703586548386e+01 -1.006427560387660680e+00 -1.947380759332624667e+00 2.510048318194116335e-02 1.338886816039065730e-01 2.140350229036438456e-01
2.146860183576459043e-09 1.005634939004587114e+00 7.228339434579804390e+01 -1.463960656267257132e+00 -1.631045999593313534e+00 2.616497653286530695e-02 1.417779602506538672e-01 4.384567356446582576e-01
1.108492732256013036e-09 9.819659895518105808e-01 7.250679881135462779e+01 -9.261972047997201196e-01 -1.378667975109221899e+00 2.356174067284168630e-02 1.019073507082902813e-01 5.475374764023931834e-02
1.243753795966015042e-09 1.007107267200637590e+00 5.612266398383872001e+01 -1.304236079183595409e+00 -1.453260790984157724e+00 1.945080492551082979e-02 1.170735068706750259e-01 2.926767891013308254e-01
1.569156120585507669e-09 9.540608138932208382e-01 7.398400817103944860e+01 -1.219734960661581713e+00 -1.406450450534744601e+00 2.619167655454029270e-02 1.095002147052119706e-01 1.526735880696335479e-01
1.804378847775439163e-09 9.908665489169435903e-01 6.762518624117930699e+01 -1.195682342033427936e+00 -4.654512517963185214e-01 2.490056066090279643e-02 9.386254464791289609e-02 8.264791506559047984e-02
1.785471176994430478e-09 9.983349964510510599e-01 6.353643278630895708e+01 -8.268877736819421065e-01 -1.973365794696720688e+00 2.193445174571440406e-02 1.148787504531601777e-01 3.957878323571085155e-01
2.133554834307222247e-09 9.582186095010007953e-01 6.107048841801535843e+01 -1.353491389584100757e+00 -1.436967170780265812e+00 1.924772013197635981e-02 1.202786853277688084e-01 3.912865206587302636e-01
1.989022786443504741e-09 9.335801971831521051e-01 5.825538537349118684e+01 -8.621602516709785391e-01 -4.115960779697533933e-01 2.700742030308279223e-02 9.816093047855942166e-02 4.824094891357307291e-01
1.825581957228728290e-09 9.356322699215304795e-01 7.525291562249624633e+01 -1.414659125944624396e+00 -5.449943777088674945e-01 2.172854640691919068e-02 1.156527380716756148e-01 1.351478548277919300e-01
1.273268389125259141e-09 9.549695727603860762e-01 6.523571034593325635e+01 -1.548824329788513809e+00 -1.624252229704110428e+00 1.859622690959964950e-02 1.565849560990978107e-01 4.301869559256602527e-01
2.670651944653886492e-09 9.941787246715887427e-01 5.876114866380866886e+01 -5.927815973649228631e-01 -7.782235357298268319e-01 2.393358018308176446e-02 1.593064611374109540e-01 2.470897865261624804e-01
1.161713393257958498e-09 9.625133299052205382e-01 5.655869217411946437e+01 -1.443555065312583707e+00 -1.022515636638471115e+00 1.804822567589832449e-02 1.386952712090533391e-01 1.594011066395057963e-01
2.763756548500839482e-09 1.003891845975172004e+00 7.095691590107837499e+01 -1.317676635875203450e+00 -1.956631522233602816e+00 2.346479520635737573e-02 1.289879326908470736e-01 2.833607148514283858e-01
2.216816140553019015e-09 9.878673757851778037e-01 5.877410508489708008e+01 -1.270204198823717379e+00 -1.681449432306290070e+00 1.862728279052202132e-02 1.302718982218480648e-01 2.370517770535397473e-01
2.672208269671083794e-09 9.868504713639747461e-01 7.928495557203859789e+01 -8.087588326382294523e-01 -1.428322859535668066e+00 2.134308252466109168e-02 1.000328501871909637e-01 2.512981047042281424e-01
1.682627133500360185e-09 1.005882989263988003e+00 8.014980635057818859e+01 -1.271880603829005807e+00 -3.080940107401506367e-01 1.848171121181594462e-02 1.049422162344965381e-01 2.786464833043674205e-01
1.153212591519892418e-09 9.463041900831331565e-01 5.409033574805759059e+01 -1.224361201416647615e+00 -1.677263326076188221e+00 2.008243794636753801e-02 9.603082820657485308e-02 3.996889350504921889e-01
1.869915180295376813e-09 1.004216972085405502e+00 7.097308787326601021e+01 -7.178132364185947356e-01 -1.102656602812329023e+00 1.802586367977327894e-02 1.452697647404898040e-01 2.591278931145146736e-01
2.698734489008471618e-09 9.860828548782712977e-01 6.352590555217368973e+01 -1.505862063971579845e+00 -7.266342203944220479e-02 2.515651540343409945e-02 1.243156865296336372e-01 2.247942007808754195e-01
1.277418114879114273e-09 9.813254121289382015e-01 5.858552617424142284e+01 -1.153343471190771741e+00 -1.344556598460048491e+00 2.592327549677894000e-02 8.552625790794693428e-02 3.797372222400851038e-01
1.106803462939151646e-09 9.704299548297922184e-01 6.948592134903208262e+01 -4.439310145697497045e-01 -4.981929346726106100e-01 1.808051212023104731e-02 8.993328901824231003e-02 2.969789507255071737e-01
2.893154145602399906e-09 9.854359253019082665e-01 7.000955935991422052e+01 -8.686288937904846907e-01 -1.822878143498095183e+00 2.467326570531208629e-02 1.432713694273928806e-01 1.724612060924403667e-01
1.819352480519445037e-09 9.337016473194866828e-01 6.512137948595896830e+01 -6.701935291585221499e-01 -5.358576532064214248e-01 2.341793167965409983e-02 8.930582769174071067e-02 3.276541906059828035e-02
1.771983511295944319e-09 9.762391841278861282e-01 5.524466610448027382e+01 -1.226954907792289218e+00 -7.670433968118473000e-01 2.295338785275014004e-02 1.592304319519731171e-01 4.636198185135821936e-01
2.286908015702679449e-09 9.674887493209612943e-01 5.362685358150476134e+01 -1.251471884223019249e+00 -1.749237351067383983e+00 2.097977470287083063e-02 1.257862280336689009e-01 3.609678086608354430e-01
1.324570662605548568e-09 9.431225632913039503e-01 6.801908833151695433e+01 -1.235392305751553010e+00 -1.361607196855205482e+00 2.550598806676367125e-02 1.287788508276328792e-01 3.524822056835964085e-02
3.018460390854478625e-09 9.613747101684417817e-01 7.258507542584712269e+01 -1.346793952263823702e+00 -1.548036049999586883e+00 1.731294055510661234e-02 1.501422625474820027e-01 2.808266475760988756e-01
1.592250393191124703e-09 9.841726413816790364e-01 5.247058712374380463e+01 -1.358341104212059447e+00 -7.024757283586153811e-01 2.415887442606126992e-02 8.535054011826909148e-02 1.852284698225197812e-01
2.898873097460926608e-09 9.680773123969712568e-01 5.643206950822682444e+01 -7.272645119911761435e-01 -7.576937797355045578e-01 2.718195319831682999e-02 1.062050921876945414e-01 4.743883115061324207e-01
1.654067221006737825e-09 9.793636817151373242e-01 7.239427801522457173e+01 -1.360606691524741896e+00 -9.410352830411743419e-01 2.277093741827507928e-02 8.843650750610812517e-02 2.456371582849589952e-01
2.525531495827579112e-09 9.746136138030712104e-01 7.358504529476394396e+01 -9.957688105645255972e-01 -1.421218970559362971e+00 2.073371039316680708e-02 9.940865009086310988e-02 4.334031897598482064e-01
1.647590477482421380e-09 9.972989471307747156e-01 6.058668935890322871e+01 -1.438252471537778687e+00 -1.638638907462480310e+00 2.587628824538307226e-02 1.518552825405623807e-01 2.595713610267456617e-01
1.711253157863444253e-09 9.532515787825034392e-01 6.879329756854735933e+01 -9.360708862811253361e-01 -1.701354013410814048e-01 2.170971299446738598e-02 1.365142981647482490e-01 3.082282967325108980e-01
1.525709365065751410e-09 9.998623208908271609e-01 6.922059336977778798e+01 -8.010154256606663026e-01 -2.789491594639552652e-01 2.123434697699521506e-02 1.435641831851867944e-01 7.436673438808481806e-02
2.081080792043198997e-09 9.840093931527098547e-01 8.071861001434433547e+01 -5.882880124116912635e-01 -1.336971980668179683e+00 2.661704278499886500e-02 1.491846010090123742e-01 3.509522591505063738e-01
2.025529906348381352e-09 9.993571202219365679e-01 6.828889936230473268e+01 -1.051932003507103364e+00 -4.831780479521408100e-01 2.479352171908206365e-02 1.204701709675778942e-01 3.168768501871330745e-01
1.587267759300118337e-09 9.541921372690369552e-01 7.419356889449605319e+01 -5.606328573891801170e-01 -1.049713194851908948e+00 1.948268839296573435e-02 1.215037119500324281e-01 2.987207945591186520e-01
2.454028424414270480e-09 9.961699874084279926e-01 7.538052481725642906e+01 -1.055704929058205011e+00 -1.537179911342974936e+00 2.065236147867328953e-02 9.896599528489440079e-02 3.410527562436094784e-01
1.815104212690065391e-09 9.767792939708357380e-01 5.902361498982636334e+01 -5.963051936635325179e-01 -5.659276523988794327e-01 2.053664555735243077e-02 1.476767811146123544e-01 1.944239460531385633e-02
1.635321837777927786e-09 9.962865365995511313e-01 7.031415531808198693e+01 -1.110041563134578357e+00 -1.269753135829009061e+00 2.285832617930435087e-02 1.253846936768692188e-01 4.899676591680848237e-01
1.719353564726207066e-09 9.684770073835490267e-01 7.722126992630217046e+01 -7.436537607249759096e-01 -1.100236080250152515e+00 2.574293117127189612e-02 1.479256995663261742e-01 3.925258698565735616e-01
1.751732468537947049e-09 9.513262188258693186e-01 6.310751112882795155e+01 -6.305873610365788640e-01 -2.249234671100093230e-01 2.004881620676707277e-02 1.365694616681803475e-01 1.879601854476548872e-01
1.990990828334282561e-09 9.328198800502893739e-01 7.216772124961305224e+01 -1.538285107183503087e+00 -5.236646424784829890e-02 1.974591963192564095e-02 8.253839872669550826e-02 1.417754452138507426e-01
1.426080019354104277e-09 9.350538417589081552e-01 7.842651904119892947e+01 -1.324810320785017481e+00 -1.268574972857484440e+00 2.446104471624169219e-02 8.606299497020170053e-02 1.606153031949114074e-01
1.361191111033695675e-09 1.009307739477794508e+00 6.575089288168432233e+01 -1.156862201444713190e+00 -8.753457686535794924e-01 2.153472938852584589e-02 9.745565118499449619e-02 3.647609441190817758e-01
1.775340204401953149e-09 9.825183777045389810e-01 7.905485820881818881e+01 -1.511962799467043927e+00 -9.270128400655974765e-02 2.354849235687940523e-02 1.549732251599229560e-01 2.323666098889039244e-01
1.736659895098861034e-09 9.687280141416015899e-01 7.204179265471094595e+01 -1.394953875887769978e+00 -6.183559175350064052e-01 2.604605293383204651e-02 1.381709003064134356e-01 4.285741314065421026e-01
1.539897707695242542e-09 9.985205638462262279e-01 5.970621648384999958e+01 -5.765971795653334064e-01 -7.803499972952674391e-01 2.536513381664046163e-02 1.255634241992050204e-01 2.616486613042595111e-01
1.322069363500121299e-09 9.979763328708413095e-01 7.917410133555550544e+01 -1.053763370475232275e+00 -6.939035304541218974e-01 1.984111912935484362e-02 1.348171850821748285e-01 1.191852863579391519e-01
2.019032035880681283e-09 9.730077623298588607e-01 5.958105186967605960e+01 -1.000593545804642881e+00 -1.690010713928087327e-01 2.700055696333987856e-02 8.697604807190283116e-02 3.728397752287793132e-01
2.825708970858061248e-09 9.449400766316047307e-01 7.997680290600908393e+01 -1.106697701816895751e+00 -1.769864656034735972e+00 1.955739316849337481e-02 1.104112313018910385e-01 1.935661099552529185e-01
1.664494660403653370e-09 9.309062392429172661e-01 6.957670796580106298e+01 -1.439496370672244341e+00 -1.710611718950625804e+00 2.596355594560971480e-02 1.017947287365503772e-01 8.561248813565837390e-02
2.408684383324346310e-09 9.337874490712628761e-01 6.558306010760895788e+01 -5.841568124927681849e-01 -1.709876800823875387e+00 2.611380698004706069e-02 8.655635151462620636e-02 1.419505739887485796e-01
2.697689394194644456e-09 9.374438593278318077e-01 6.253659675561598874e+01 -1.533122289060081300e+00 -2.545766109280875877e-01 2.600251900671654570e-02 1.536096219898451798e-01 2.297477633970715916e-01
2.337747923131859196e-09 9.758076751555934125e-01 5.515717656477828967e+01 -6.254241468264535309e-01 -1.934956595983561511e+00 2.303264777381474129e-02 9.749917223627377338e-02 4.984885672963420000e-01
2.508536062741515119e-09 9.893799084415975109e-01 6.573883550817760124e+01 -6.103893939801231516e-01 -1.137777254484499512e+00 1.968251629276626669e-02 1.535596477895184164e-01 3.221190213103269917e-01
1.237928864486491957e-09 9.406049995481270409e-01 5.461415142568719006e+01 -1.261928544993526247e+00 -1.736263490482692351e+00 2.590982164507387928e-02 1.337958246606446022e-01 5.102266167794314300e-02
1.617996345260375518e-09 9.796681837877379007e-01 7.181851048931187620e+01 -1.093376843751866057e+00 -6.735893734155864454e-01 2.575936365997539418e-02 1.004535463318027566e-01 2.183211442060551191e-02
1.686506117228534960e-09 9.463814570382027558e-01 6.324953691480605045e+01 -6.466713118204734378e-01 -7.379716252469727955e-01 2.647703375729525133e-02 1.059519407771513377e-01 3.057762152434291836e-01
2.479379573388232830e-09 9.592529787359411753e-01 5.994535533559713514e+01 -1.331911014994454412e+00 -1.107082456954346927e-01 2.353101169273826704e-02 1.588533155347628956e-01 3.738527120911020601e-02
2.183841930636522402e-09 9.508657230320951559e-01 5.261545663979406129e+01 -1.003063315739801009e+00 -8.523890745516562450e-01 2.404159859409472216e-02 8.561031989580061841e-02 3.249251742483952321e-01
1.367357336390735393e-09 9.814098544994274143e-01 7.828721927638792977e+01 -9.646711942317290900e-01 -1.319171829999253420e+00 1.778484904962953153e-02 1.416128095730755099e-01 6.901076019460261612e-02
2.015287798333870164e-09 9.819894510764882734e-01 7.597640291384963973e+01 -1.142720012857306511e+00 -2.461033023681002962e-01 1.807644502850405677e-02 1.437259409934016907e-01 1.763195676586443855e-02
1.833037584859437411e-09 9.650682751343215848e-01 5.439234116814939313e+01 -1.164848379078041951e+00 -1.816290256731237784e+00 2.670780113285368962e-02 9.204430785541839466e-02 1.738774315505814683e-01
2.240224613907415931e-09 9.828807938935987254e-01 7.747121840151747563e+01 -7.139027381627637281e-01 -8.311941587025948319e-01 1.921316385246562772e-02 1.198172855588843788e-01 2.873545974094153244e-01
1.348667689357108098e-09 1.002860763391403509e+00 7.368398289384360567e+01 -7.939061753788511089e-01 -2.782387614582029212e-01 2.450769192701062957e-02 1.457082224027033135e-01 4.510762802446039443e-01
1.423951693611851172e-09 9.437223810246971878e-01 5.597562353428042314e+01 -1.203460266434742909e+00 -1.479041701928497599e+00 2.433984738832361758e-02 1.275253258628780417e-01 1.295226991357329993e-01
3.022264493920484354e-09 9.864169227787211724e-01 7.940882668434407776e+01 -5.061107932902189077e-01 -1.818656208333145008e+00 2.034233228429694826e-02 1.382707790431131345e-01 3.283681964424108313e-01
1.663970977014308139e-09 1.005299555055526817e+00 5.259415501724927822e+01 -1.233159742167794670e+00 -1.346737092504923350e+00 2.353649120749416040e-02 1.366377739336409880e-01 3.764105508417898149e-01
2.590900726840835901e-09 9.897889558466427262e-01 5.630410039664879207e+01 -1.184711597601573185e+00 -3.987880760872895003e-01 1.944765958455917446e-02 9.486770983707788762e-02 2.615309147050575156e-01
2.523089826626203756e-09 9.536490811334090711e-01 7.046791407403893004e+01 -5.634280759792057447e-01 -1.940730458711435347e+00 2.175687456106039502e-02 1.135564327195612566e-01 2.353310321515583725e-01
2.805049004667416277e-09 9.894572497751017437e-01 7.413388951122507819e+01 -5.082248563983471357e-01 -1.915060121593894715e+00 2.653220081704914246e-02 1.591307565163996296e-01 1.462652093906093853e-01
2.520452008504372643e-09 9.922242303288577592e-01 7.352854826666856525e+01 -6.943910934151104053e-01 -7.612618461018882954e-02 2.661044119424463977e-02 9.078790808666790946e-02 1.548231359998395729e-01
1.505175333715293971e-09 9.670602972542684528e-01 7.575268105965608356e+01 -8.602956237305745546e-01 -1.871252495316724662e+00 2.096327732483796794e-02 1.331062547100484994e-01 3.822467235699877341e-01
2.291591392007929375e-09 9.603707820652155336e-01 7.799914263032236761e+01 -1.504079481343166158e+00 -1.192977973105715961e+00 1.842741001875684848e-02 1.225441199451191565e-01 2.616065073772477212e-01
1.108007379248263941e-09 9.734768460681337832e-01 7.582942484180259157e+01 -8.317395581084299216e-01 -7.618243371467263714e-01 2.588693316692624452e-02 1.272634180665246917e-01 5.045487651725236167e-02
2.290517885346918778e-09 9.330154419044507375e-01 5.474957309739907174e+01 -1.453127345641379797e+00 -1.292930203663975153e+00 1.874107041784179098e-02 1.420725846922022417e-01 4.430075763909093189e-01
1.110753030492139552e-09 9.399040890959491357e-01 6.362974509046483007e+01 -5.741749401398811292e-01 -1.596657591737434156e+00 2.686387813281138764e-02 1.238509935475049090e-01 4.528720116645765792e-01
1.335134685053626537e-09 9.840858500882462279e-01 7.043686589715095181e+01 -1.310934303695846292e+00 -1.743661955658310170e+00 2.178839684678564315e-02 1.293708288788263938e-01 2.551365340423379369e-01
1.617643552125149524e-09 9.717677252517673558e-01 6.180337640381287656e+01 -6.946050450233517415e-01 -1.097792833949948754e+00 2.402609704177613784e-02 1.171145253815736587e-01 4.011334782025637868e-01
2.587407863258140606e-09 1.000211910820063776e+00 7.832971019082718556e+01 -7.260900025900544064e-01 -1.692578561947418736e+00 2.640059744287921728e-02 1.582404521668171471e-01 4.973887300043119408e-01
