1.000000000000000021e-02
1.008608320357265442e-02
1.017290743893904149e-02
1.026047908513823791e-02
1.034880457612212881e-02
1.043789040122812366e-02
1.052774310565591544e-02
1.061836929094839288e-02
1.070977561547662750e-02
1.080196879492907949e-02
1.089495560280501381e-02
1.098874287091214201e-02
1.108333748986857145e-02
1.117874640960904963e-02
1.127497663989559563e-02
1.137203525083249969e-02
1.146992937338577566e-02
1.156866619990708916e-02
1.166825298466215785e-02
1.176869704436374862e-02
1.187000575870923377e-02
1.197218657092278919e-02
1.207524698830224341e-02
1.217919458277065374e-02
1.228403699143261474e-02
1.238978191713536667e-02
1.249643712903472127e-02
1.260401046316587774e-02
1.271250982301912885e-02
1.282194318012056140e-02
1.293231857461769364e-02
1.304364411587021801e-02
1.315592798304578842e-02
1.326917842572095975e-02
1.338340376448728108e-02
1.349861239156261924e-02
1.361481277140774368e-02
1.373201344134820229e-02
1.385022301220160262e-02
1.396945016891020311e-02
1.408970367117903799e-02
1.421099235411948589e-02
1.433332512889839636e-02
1.445671098339279710e-02
1.458115898285023901e-02
1.470667827055483282e-02
1.483327806849900343e-02
1.496096767806104171e-02
1.508975648068848485e-02
1.521965393858736547e-02
1.535066959541744186e-02
1.548281307699332990e-02
1.561609409199174632e-02
1.575052243266481314e-02
1.588610797555948737e-02
1.602286068224321319e-02
1.616079060003579315e-02
1.629990786274758408e-02
1.644022269142401960e-02
1.658174539509657888e-02
1.672448637154018425e-02
1.686845610803712134e-02
1.701366518214757553e-02
1.716012426248675338e-02
1.730784410950872432e-02
1.745683557629698276e-02
1.760710960936185537e-02
1.775867724944472925e-02
1.791154963232922948e-02
1.806573798965938060e-02
1.822125364976479034e-02
1.837810803849294558e-02
1.853631268004872837e-02
1.869587919784103033e-02
1.885681931533678135e-02
1.901914485692227097e-02
1.918286774877189446e-02
1.934800001972437553e-02
1.951455380216654198e-02
1.968254133292467525e-02
1.985197495416360716e-02
2.002286711429345639e-02
2.019523036888425105e-02
2.036907738158838174e-02
2.054442092507102399e-02
2.072127388194854383e-02
2.089964924573499416e-02
2.107956012179676084e-02
2.126101972831542439e-02
2.144404139725890335e-02
2.162863857536096931e-02
2.181482482510918586e-02
2.200261382574135102e-02
2.219201937425051979e-02
2.238305538639871056e-02
2.257573589773924708e-02
2.277007506464800296e-02
2.296608716536347253e-02
2.316378660103580317e-02
2.336318789678485178e-02
2.356430570276735192e-02
2.376715479525330979e-02
2.397175007771156635e-02
2.417810658190481035e-02
2.438623946899395531e-02
2.459616403065204362e-02
2.480789569018774718e-02
2.502145000367850605e-02
2.523684266111347191e-02
2.545408948754623868e-02
2.567320644425754098e-02
2.589420962992792022e-02
2.611711528182052849e-02
2.634193977697407013e-02
2.656869963340604407e-02
2.679741151132636334e-02
2.702809221436133433e-02
2.726075869078826638e-02
2.749542803478068065e-02
2.773211748766420820e-02
2.797084443918334412e-02
2.821162642877907134e-02
2.845448114687748262e-02
2.869942643618957415e-02
2.894648029302206507e-02
2.919566086859966964e-02
2.944698647039865544e-02
2.970047556349190640e-02
2.995614677190558059e-02
3.021401887998740460e-02
3.047411083378680219e-02
3.073644174244685376e-02
3.100103087960826009e-02
3.126789768482540754e-02
3.153706176499457975e-02
3.180854289579452404e-02
3.208236102313932747e-02
3.235853626464395283e-02
3.263708891110220223e-02
3.291803942797752458e-02
3.320140845690664616e-02
3.348721681721612137e-02
3.377548550745190781e-02
3.406623570692222935e-02
3.435948877725352596e-02
3.465526626395999676e-02
3.495358989802649363e-02
3.525448159750518146e-02
3.555796346912582645e-02
3.586405780992000386e-02
3.617278710885928061e-02
3.648417404850750473e-02
3.679824150668728477e-02
3.711501255816087447e-02
3.743451047632544854e-02
3.775675873492306822e-02
3.808178100976526703e-02
3.840960118047255512e-02
3.874024333222884225e-02
3.907373175755108480e-02
3.941009095807393448e-02
3.974934564635000667e-02
4.009152074766546281e-02
4.043664140187130246e-02
4.078473296523046909e-02
4.113582101228070026e-02
4.148993133771353842e-02
4.184708995826952327e-02
4.220732311464961417e-02
4.257065727344313405e-02
4.293711912907228340e-02
4.330673560575340475e-02
4.367953385947512257e-02
4.405554127999351116e-02
4.443478549284442247e-02
4.481729436137320277e-02
4.520309598878176349e-02
4.559221872019342259e-02
4.598469114473535679e-02
4.638054209763912278e-02
4.677980066235923329e-02
4.718249617270984381e-02
4.758865821501997995e-02
4.799831663030728474e-02
4.841150151647042460e-02
4.882824323050041770e-02
4.924857239071104426e-02
4.967251987898826243e-02
5.010011684305923363e-02
5.053139469878071416e-02
5.096638513244724361e-02
5.140512010311911600e-02
5.184763184497047372e-02
5.229395286965753814e-02
5.274411596870728913e-02
5.319815421592667681e-02
5.365610096983258748e-02
5.411798987610268175e-02
5.458385487004742409e-02
5.505373017910327599e-02
5.552765032534742046e-02
5.600565012803422615e-02
5.648776470615326367e-02
5.697402948100966508e-02
5.746448017882647974e-02
5.795915283336954688e-02
5.845808378859487092e-02
5.896130970131895771e-02
5.946886754391185470e-02
5.998079460701363774e-02
6.049712850227414312e-02
6.101790716511637513e-02
6.154316885752358218e-02
6.207295217085042477e-02
6.260729602865831855e-02
6.314623968957515376e-02
6.368982275017968930e-02
6.423808514791068403e-02
6.479106716400119537e-02
6.534880942643801760e-02
6.591135291294668297e-02
6.647873895400210897e-02
6.705100923586515549e-02
6.762820580364543865e-02
6.821037106439030440e-02
6.879754779020051669e-02
6.938977912137284099e-02
6.998710856956946724e-02
7.058958002101503593e-02
7.119723773972076730e-02
7.181012637073666549e-02
7.242829094343168628e-02
7.305177687480196580e-02
7.368062997280773463e-02
7.431489643973880621e-02
7.495462287560906989e-02
7.559985628158033544e-02
7.625064406341540424e-02
7.690703403496110258e-02
7.756907442166116606e-02
7.823681386409939154e-02
7.891030142157330618e-02
7.958958657569857598e-02
8.027471923404445875e-02
8.096574973380066265e-02
8.166272884547538802e-02
8.236570777662574616e-02
8.307473817561984719e-02
8.378987213543152845e-02
8.451116219746758473e-02
8.523866135542820799e-02
8.597242305920019256e-02
8.671250121878414097e-02
8.745895020825521227e-02
8.821182486975799597e-02
8.897118051753585832e-02
8.973707294199489981e-02
9.050955841380289857e-02
9.128869368802353113e-02
9.207453600828631457e-02
9.286714311099221464e-02
9.366657322955565523e-02
9.447288509868292938e-02
9.528613795868752512e-02
9.610639155984244952e-02
9.693370616677035589e-02
9.776814256287094662e-02
9.860976205478694245e-02
9.945862647690827119e-02
1.003147981959151003e-01
1.011783401153599632e-01
1.020493156802893403e-01
1.029277888819049303e-01
1.038138242622653473e-01
1.047074869190277868e-01
1.056088425102309492e-01
1.065179572591190144e-01
1.074348979590070141e-01
1.083597319781882673e-01
1.092925272648839347e-01
1.102333523522352199e-01
1.111822763633385780e-01
1.121393690163242224e-01
1.131047006294782914e-01
1.140783421264094377e-01
1.150603650412592993e-01
1.160508415239583646e-01
1.170498443455268295e-01
1.180574469034211815e-01
1.190737232269266921e-01
1.200987479825964266e-01
1.211325964797371063e-01
1.221753446759420436e-01
1.232270691826718723e-01
1.242878472708831561e-01
1.253577568767058059e-01
1.264368766071686800e-01
1.275252857459752143e-01
1.286230642593284013e-01
1.297302928018058410e-01
1.308470527222856117e-01
1.319734260699230444e-01
1.331094956001788454e-01
1.342553447808991773e-01
1.354110577984482811e-01
1.365767195638934450e-01
1.377524157192438481e-01
1.389382326437423043e-01
1.401342574602119084e-01
1.413405780414569157e-01
1.425572830167188554e-01
1.437844617781881273e-01
1.450222044875717764e-01
1.462706020827176379e-01
1.475297462842957708e-01
1.487997296025370120e-01
1.500806453440301225e-01
1.513725876185766650e-01
1.526756513461055842e-01
1.539899322636470447e-01
1.553155269323661103e-01
1.566525327446574023e-01
1.580010479313004312e-01
1.593611715686767127e-01
1.607330035860490280e-01
1.621166447729032178e-01
1.635121967863532866e-01
1.649197621586104556e-01
1.663394443045157767e-01
1.677713475291385814e-01
1.692155770354395183e-01
1.706722389320000921e-01
1.721414402408185107e-01
1.736232889051725348e-01
1.751178937975503003e-01
1.766253647276491978e-01
1.781458124504435581e-01
1.796793486743223089e-01
1.812260860692956610e-01
1.827861382752735131e-01
1.843596199104144961e-01
1.859466465795470425e-01
1.875473348826629805e-01
1.891618024234842932e-01
1.907901678181034011e-01
1.924325507036980520e-01
1.940890717473212068e-01
1.957598526547663365e-01
1.974450161795096303e-01
1.991446861317283101e-01
2.008589873873972975e-01
2.025880458974639586e-01
2.043319886971017019e-01
2.060909439150435118e-01
2.078650407829954194e-01
2.096544096451314898e-01
2.114591819676701345e-01
2.132794903485331350e-01
2.151154685270874889e-01
2.169672513939719105e-01
2.188349750010065708e-01
2.207187765711894067e-01
2.226187945087778897e-01
2.245351684094576972e-01
2.264680390705988422e-01
2.284175485016002594e-01
2.303838399343232646e-01
2.323670578336148596e-01
2.343673479079218525e-01
2.363848571199957949e-01
2.384197336976911497e-01
2.404721271448547748e-01
2.425421882523107475e-01
2.446300691089388357e-01
2.467359231128485597e-01
2.488599049826495657e-01
2.510021707688188664e-01
2.531628778651658918e-01
2.553421850203965171e-01
2.575402523497760665e-01
2.597572413468939301e-01
2.619933148955275182e-01
2.642486372816101325e-01
2.665233742053010335e-01
2.688176927931596460e-01
2.711317616104241268e-01
2.734657506733963461e-01
2.758198314619330072e-01
2.781941769320442903e-01
2.805889615286011329e-01
2.830043611981515883e-01
2.854405534018485402e-01
2.878977171284867742e-01
2.903760329076541802e-01
2.928756828229951426e-01
2.953968505255883392e-01
2.979397212474398371e-01
3.005044818150921504e-01
3.030913206633505386e-01
3.057004278491273208e-01
3.083319950654055397e-01
3.109862156553233059e-01
3.136632846263779917e-01
3.163633986647539920e-01
3.190867561497734428e-01
3.218335571684713403e-01
3.246040035302958371e-01
3.273982987819355484e-01
3.302166482222741450e-01
3.330592589174738993e-01
3.359263397161889597e-01
3.388181012649092994e-01
3.417347560234380577e-01
3.446765182804997218e-01
3.476436041694851431e-01
3.506362316843304461e-01
3.536546206955334948e-01
3.566989929663078041e-01
3.597695721688757842e-01
3.628665839009017624e-01
3.659902557020672798e-01
3.691408170707881631e-01
3.723184994810760373e-01
3.755235363995454989e-01
3.787561633025660068e-01
3.820166176935632096e-01
3.853051391204684317e-01
3.886219691933181508e-01
3.919673516020055759e-01
3.953415321341844924e-01
3.987447586933277055e-01
4.021772813169403604e-01
4.056393521949306913e-01
4.091312256881380338e-01
4.126531583470222087e-01
4.162054089305107230e-01
4.197882384250112286e-01
4.234019100635858512e-01
4.270466893452912749e-01
4.307228440546851944e-01
4.344306442815003555e-01
4.381703624404887365e-01
4.419422732914355945e-01
4.457466539593462063e-01
4.495837839548073589e-01
4.534539451945219790e-01
4.573574220220222863e-01
4.612945012285609159e-01
4.652654720741813410e-01
4.692706263089702068e-01
4.733102581944924059e-01
4.773846645254106180e-01
4.814941446512910339e-01
4.856390004985968734e-01
4.898195365928706968e-01
4.940360600811094516e-01
4.982888807543288667e-01
5.025783110703253564e-01
5.069046661766321016e-01
5.112682639336731949e-01
5.156694249381171824e-01
5.201084725464314440e-01
5.245857328986390788e-01
5.291015349422814040e-01
5.336562104565851783e-01
5.382500940768397690e-01
5.428835233189813758e-01
5.475568386043921931e-01
5.522703832849102934e-01
5.570245036680565587e-01
5.618195490424779948e-01
5.666558717036099813e-01
5.715338269795601223e-01
5.764537732572141415e-01
5.814160720085667089e-01
5.864210878172789743e-01
5.914691884054662507e-01
5.965607446607122943e-01
6.016961306633205053e-01
6.068757237137973881e-01
6.120999043605730439e-01
6.173690564279604720e-01
6.226835670443550130e-01
6.280438266706775963e-01
6.334502291290616816e-01
6.389031716317877807e-01
6.444030548104667799e-01
6.499502827454758380e-01
6.555452629956440846e-01
6.611884066281984440e-01
6.668801282489638105e-01
6.726208460328251260e-01
6.784109817544505816e-01
6.842509608192799408e-01
6.901412122947789829e-01
6.960821689419639524e-01
7.020742672471964596e-01
7.081179474542523833e-01
7.142136535966678856e-01
7.203618335303609843e-01
7.265629389665374527e-01
7.328174255048776065e-01
7.391257526670100830e-01
7.454883839302727244e-01
7.519057867617645607e-01
7.583784326526915587e-01
7.649067971530068011e-01
7.714913599063493166e-01
7.781326046852854450e-01
7.848310194268498519e-01
7.915870962683952961e-01
7.984013315837511504e-01
8.052742260196914525e-01
8.122062845327179259e-01
8.191980164261598585e-01
8.262499353875926156e-01
8.333625595265788943e-01
8.405364114127342745e-01
8.477720181141209510e-01
8.550699112359727572e-01
8.624306269597504793e-01
8.698547060825373434e-01
8.773426940567707888e-01
8.848951410303177445e-01
8.925126018868942968e-01
9.001956362868331896e-01
9.079448087082025998e-01
9.157606884882789622e-01
9.236438498653755103e-01
9.315948720210346368e-01
9.396143391225774133e-01
9.477028403660248124e-01
9.558609700193858583e-01
9.640893274663192569e-01
9.723885172501698371e-01
9.807591491183856869e-01
9.892018380673157640e-01
9.977172043873950846e-01
1.006305873708716936e+00
1.014968477046999551e+00
1.023705650849945803e+00
1.032518037044005244e+00
1.041406283081534712e+00
1.050371041988369614e+00
1.059412972411799103e+00
1.068532738668962701e+00
1.077731010795651478e+00
1.087008464595539792e+00
1.096365781689837560e+00
1.105803649567367319e+00
1.115322761635076487e+00
1.124923817268981274e+00
1.134607521865550472e+00
1.144374586893532220e+00
1.154225729946225076e+00
1.164161674794200740e+00
1.174183151438479733e+00
1.184290896164165829e+00
1.194485651594539899e+00
1.204768166745622482e+00
1.215139197081204214e+00
1.225599504568349651e+00
1.236149857733379820e+00
1.246791031718336829e+00
1.257523808337933646e+00
1.268348976136995043e+00
1.279267330448390583e+00
1.290279673451474096e+00
1.301386814231012101e+00
1.312589568836633802e+00
1.323888760342784465e+00
1.335285218909198157e+00
1.346779781841889845e+00
1.358373293654672853e+00
1.370066606131206122e+00
1.381860578387574812e+00
1.393756076935411148e+00
1.405753975745556827e+00
1.417855156312274101e+00
1.430060507718010632e+00
1.442370926698721023e+00
1.454787317709749450e+00
1.467310592992281837e+00
1.479941672640368466e+00
1.492681484668523906e+00
1.505530965079909134e+00
1.518491057935100086e+00
1.531562715421446841e+00
1.544746897923037876e+00
1.558044574091251411e+00
1.571456720915928029e+00
1.584984323797150152e+00
1.598628376617639901e+00
1.612389881815779580e+00
1.626269850459263200e+00
1.640269302319378619e+00
1.654389265945932275e+00
1.668630778742815846e+00
1.682994887044227506e+00
1.697482646191543765e+00
1.712095120610859222e+00
1.726833383891188678e+00
1.741698518863344702e+00
1.756691617679495110e+00
1.771813781893402995e+00
1.787066122541359325e+00
1.802449760223811648e+00
1.817965825187694451e+00
1.833615457409470517e+00
1.849399806678883040e+00
1.865320032683439599e+00
1.881377305093603569e+00
1.897572803648738038e+00
1.913907718243780698e+00
1.930383249016665914e+00
1.947000606436500414e+00
1.963761011392495703e+00
1.980665695283669869e+00
1.997715900109317655e+00
2.014912878560261689e+00
2.032257894110887975e+00
2.049752221111976080e+00
2.067397144884324689e+00
2.085193961813184504e+00
2.103143979443507838e+00
2.121248516576011767e+00
2.139508903364072179e+00
2.157926481411451824e+00
2.176502603870868136e+00
2.195238635543411032e+00
2.214135952978812494e+00
2.233195944576593206e+00
2.252420010688054752e+00
2.271809563719172864e+00
2.291366028234366858e+00
2.311090841061163026e+00
2.330985451395759522e+00
2.351051320909499420e+00
2.371289923856260362e+00
2.391702747180770583e+00
2.412291290627854412e+00
2.433057066852620132e+00
2.454001601531595966e+00
2.475126433474822640e+00
2.496433114738909609e+00
2.517923210741068285e+00
2.539598300374121376e+00
2.561459976122508753e+00
2.583509844179284975e+00
2.605749524564128894e+00
2.628180651242368882e+00
2.650804872245027255e+00
2.673623849789912299e+00
2.696639260403729477e+00
2.719852795045263782e+00
2.743266159229617251e+00
2.766881073153510950e+00
2.790699271821670546e+00
2.814722505174299005e+00
2.838952538215643973e+00
2.863391151143676261e+00
2.888040139480879898e+00
2.912901314206172820e+00
2.937976501887959113e+00
2.963267544818328769e+00
2.988776301148412529e+00
3.014504645024900675e+00
3.040454466727739558e+00
3.066627672809010718e+00
3.093026186233005959e+00
3.119651946517510765e+00
3.146506909876300107e+00
3.173593049362861240e+00
3.200912355015367527e+00
3.228466834002869046e+00
3.256258510772771952e+00
3.284289427199575950e+00
3.312561642734889844e+00
3.341077234558741171e+00
3.369838297732189236e+00
3.398846945351249982e+00
3.428105308702146470e+00
3.457615537417896956e+00
3.487379799636248556e+00
3.517400282158973823e+00
3.547679190612533784e+00
3.578218749610130534e+00
3.609021202915148496e+00
3.640088813606005669e+00
3.671423864242424173e+00
3.703028657033132554e+00
3.734905514005007809e+00
3.767056777173680260e+00
3.799484808715599016e+00
3.832191991141582488e+00
3.865180727471876132e+00
3.898453441412682352e+00
3.932012577534246489e+00
3.965860601450458045e+00
4.000000000000000000e+00
