# As, ns, H0, w0, wa, omega_b, omega_cdm, m_ncdm, z
1.859236604445408234e-09 9.951788986483381949e-01 6.633773978305069363e+01 -1.226251387004251958e+00 -5.501683748589900613e-01 2.478882803214083747e-02 1.157907864151771216e-01 2.867246066802212612e-01
2.391200239924163262e-09 9.395139384618462763e-01 7.207412797157786599e+01 -7.567508000690051917e-01 -6.432513063776184037e-01 2.084230828529007318e-02 1.138207044753631603e-01 1.851025776584763471e-01
2.047700581746600104e-09 1.001400668320403975e+00 5.995036920589777907e+01 -8.461050780748893274e-01 -5.253230010304890119e-01 2.212249339723184813e-02 1.186090842277247037e-01 3.019202510007021889e-01
2.092981352532702090e-09 9.836352221118127570e-01 7.151612357974723011e+01 -1.171749134811220561e+00 -6.039468328394583807e-01 2.420869125346308826e-02 1.170130651676205280e-01 3.480312430344178476e-01
2.134756272121529579e-09 9.419539935180132328e-01 7.001791678296496002e+01 -1.091543683621142957e+00 -1.803179343464118567e-01 2.243972412833477453e-02 1.280847903137991017e-01 2.490600258558867963e-01
2.182501505452111947e-09 9.617780876940679180e-01 6.263161979664634060e+01 -1.173451208079201669e+00 -4.666247472299223098e-01 2.057603857123103952e-02 1.249470587788929082e-01 2.010491973202572502e-01
2.156270328172460305e-09 9.362441773174362547e-01 7.424888504641683085e+01 -7.722473267349960757e-01 -2.328505905306532675e-01 2.319682298489087954e-02 1.138402568611428800e-01 2.956735725342417576e-01
2.247373614986731547e-09 9.975781110127517337e-01 6.850800236140705124e+01 -1.166266645494443255e+00 -9.001700457075703099e-01 2.280374407968879802e-02 1.161643369063722064e-01 4.137644240532695195e-01
2.176896676598799477e-09 1.008825981468230104e+00 6.428820433283169677e+01 -7.851197508065141939e-01 -6.298516743846889199e-01 2.117758512005633170e-02 1.108141247471627899e-01 4.910438182063106560e-02
2.101176160770461906e-09 9.743830425164651254e-01 6.652762092153621154e+01 -9.728133656947310914e-01 -2.292715942995406930e-01 2.467965581145808995e-02 1.297422254503153571e-01 1.273851785639255885e-01
2.011953789604638680e-09 1.005755255480440091e+00 6.396050687821953318e+01 -1.205390223065593958e+00 -7.878398120184041398e-01 2.285013626445929133e-02 1.184699941694127984e-01 2.568218181415523604e-01
2.355568802323757957e-09 9.503405604468644352e-01 6.629105272264180826e+01 -1.058735077933791624e+00 -7.476181564874695429e-02 2.307727440188975937e-02 1.123647547461539414e-01 3.454689370576520258e-01
2.251667185575123080e-09 9.354266406056412908e-01 7.133787276651413833e+01 -1.188362134286838012e+00 -9.242840873913366062e-01 2.159843548015544235e-02 1.192281430273140763e-01 3.752493754065062692e-01
2.200734345708013591e-09 9.617758324190024410e-01 7.077210921797616550e+01 -7.939971176893174665e-01 -9.070763210263660392e-01 2.265683644237391145e-02 1.165023630231141888e-01 4.873617325626702357e-01
2.109068987698859518e-09 9.685790652363368558e-01 5.989374241672467036e+01 -8.113994595301542434e-01 -3.859677144088017320e-01 2.138562123952607655e-02 1.127853852963891790e-01 4.166854264565911237e-01
2.135239855150402979e-09 9.921875933499013644e-01 6.641073794044092438e+01 -1.006897906119825770e+00 -7.566657551740383347e-01 2.169398041067028410e-02 1.297090789273894207e-01 2.743082391395478270e-01
2.104312294381569719e-09 9.679019327084636970e-01 6.993033456111675150e+01 -9.093164702559353163e-01 -1.010920229293615913e-01 2.219410509098320577e-02 1.214714114676479634e-01 3.526412531478035906e-01
2.308293434352744196e-09 9.567984109352593025e-01 7.075168049130418524e+01 -9.928829026498012800e-01 -7.677629184433507614e-01 2.157853776926292946e-02 1.146146784152890230e-01 4.308741080451207739e-01
1.871780591252225576e-09 9.744049672638017690e-01 7.391878904548127593e+01 -7.419679500564162478e-01 -3.009580523590672518e-01 2.312916551768481183e-02 1.232967365812058791e-01 1.736106595439073641e-01
1.921590025771989661e-09 9.504581657324724375e-01 6.265156470303319480e+01 -1.043978436676968213e+00 -1.759634681508482901e-01 2.383194056875295383e-02 1.255656230560410758e-01 4.967158384333781318e-01
2.420614790517290233e-09 9.554089466808717290e-01 6.635251148360238460e+01 -7.235919110243331787e-01 -6.692311049784847032e-01 2.202856489132475407e-02 1.109388056050134713e-01 4.183969510836734185e-01
2.420610303901276664e-09 9.876002100848574328e-01 6.452513184883409281e+01 -7.372939637408787439e-01 -7.938484414940559786e-01 2.371786279814601731e-02 1.235118157830813052e-01 1.312826636955437831e-01
1.814956069747123003e-09 9.897889411571538787e-01 6.423799977598365274e+01 -8.250208585304199538e-01 -6.433604093016436209e-01 2.447381408816770229e-02 1.221157572237918931e-01 4.462102285167365845e-01
1.883553845342830216e-09 9.373878689106843742e-01 6.443404719901198519e+01 -1.132150707524738564e+00 -2.627044764795513077e-01 2.141681687585228130e-02 1.179061241464940402e-01 3.695427008625151721e-01
2.100202693800598407e-09 9.406358794342863927e-01 6.349475061867961045e+01 -1.061958487526977635e+00 -7.854689896589992504e-01 2.052437998947463649e-02 1.207841683159889823e-01 4.626472693217827947e-01
2.162023035666054847e-09 9.852453419172582105e-01 6.570502219490576579e+01 -9.080965100337249352e-01 -4.994130777131120524e-01 2.053632262001350850e-02 1.160001322345486363e-01 2.982512990260634544e-01
2.117779026047625694e-09 1.006014414655369116e+00 6.999962993075175177e+01 -1.152138830934622105e+00 -9.911900901723739166e-01 2.381264658938898882e-02 1.103771121389906934e-01 3.974895339064952321e-02
2.046986634355163685e-09 9.535185643614179085e-01 7.113206650623813232e+01 -1.103435085543633232e+00 -9.423411929737864901e-01 2.009218463839961347e-02 1.164424801488021938e-01 3.187214728141566922e-01
2.344849846496401012e-09 9.939739084107123146e-01 6.002363015405193636e+01 -7.715550597273145295e-01 -2.039868793908095057e-02 2.263923582883442184e-02 1.125225243563848232e-01 4.158175681047719952e-01
2.243568841176841583e-09 9.505574085709665999e-01 6.412658410178134716e+01 -8.149385784170224412e-01 -1.846453043587313880e-01 1.988759482744473575e-02 1.160576124418719601e-01 2.992666766866856620e-01
1.858290508997615707e-09 9.419014460782524356e-01 6.927459577664222934e+01 -1.260617619184159155e+00 -1.409103138879933548e-01 2.387521280600190740e-02 1.185822295502289847e-01 2.517063573141999355e-01
1.789103581724980714e-09 9.801370233878500260e-01 6.854872159784500241e+01 -8.241651614018135064e-01 -1.433711586583686914e-01 2.179915220479397217e-02 1.293394978057464395e-01 1.665002060369354941e-01
2.026817261058572014e-09 9.445989740850165850e-01 6.543475606391969279e+01 -8.596589012739141999e-01 -2.131575480085201590e-02 2.042623543577030965e-02 1.265101038403828038e-01 4.666257457867093450e-01
2.030451131897081682e-09 9.313556089598040710e-01 6.013533543792838287e+01 -1.120232879011826777e+00 -8.555316714172945813e-01 2.264408856924306560e-02 1.204043144057604237e-01 2.741424781331953109e-01
1.833889640490870080e-09 9.592654806153382285e-01 6.528046736098799840e+01 -1.092210343535900519e+00 -2.903943803953867864e-01 2.133903372808690010e-02 1.293433020105522191e-01 9.071600537043579549e-02
1.808465441085113948e-09 9.840848673583815209e-01 6.901025283566598034e+01 -1.135078535755423612e+00 -7.227763477386570656e-01 2.023240269831452776e-02 1.245623736265165649e-01 1.949747031078181703e-01
2.399437543165922890e-09 9.462263650496944845e-01 7.100723609088302624e+01 -1.065196389827631762e+00 -2.713672116001859536e-01 2.208504942783287572e-02 1.122507720808560705e-01 1.852172878097044506e-01
2.149536578158893310e-09 9.479264934152159539e-01 6.361665490487889940e+01 -1.020230480208591750e+00 -1.582134489851593218e-01 2.110089639651914137e-02 1.213891717165636874e-01 8.335248014887432222e-02
2.282131014803909319e-09 9.912298325046994263e-01 7.136039540991292540e+01 -8.902784744648122306e-01 -6.012053619007735605e-01 2.338970029737796538e-02 1.212572917209174400e-01 1.325927354319252904e-01
1.938630788116980781e-09 9.406341511076582451e-01 6.784818422519242631e+01 -7.349682308650842266e-01 -6.410656325686671098e-01 2.373633872267552972e-02 1.291569042403909462e-01 2.962980620445367086e-02
1.965132681546643865e-09 9.979236645816542683e-01 7.423317014145837334e+01 -7.519905430897243503e-01 -4.957391679084688363e-01 2.414057713289007728e-02 1.281623456770981107e-01 3.045589296396459811e-01
1.807654456098957370e-09 1.009222385309804793e+00 6.769560444067258231e+01 -7.527821685174502786e-01 -3.769455461899420268e-01 2.129834680854486573e-02 1.225684024531837890e-01 1.180834601365321201e-01
1.795475378366629086e-09 9.819665621609461326e-01 6.302945954541288387e+01 -1.039854964635077206e+00 -8.173033930795871038e-01 2.323210295379889503e-02 1.135989373915442524e-01 4.432897657592576035e-01
1.888670017512652946e-09 9.357540140401870987e-01 7.024937773078653436e+01 -9.157207746574669294e-01 -4.147256550921103457e-01 2.078766619244722114e-02 1.293896412759179826e-01 3.138275562559857124e-02
2.123497980997228738e-09 9.938456474237139515e-01 6.682883307200665968e+01 -8.430842621641984058e-01 -5.861876533777488074e-01 2.208259256694987058e-02 1.272566541215050806e-01 1.761792017178206160e-01
1.964080703686746389e-09 1.007758149221575028e+00 7.264890302890849227e+01 -7.797381637650582231e-01 -9.488000624540871009e-02 2.128878899154031806e-02 1.180670613867171176e-01 2.595746937843596558e-01
2.054086053504736409e-09 9.971941310329744956e-01 6.957577247266542031e+01 -9.488197484081721811e-01 -3.402871427117872827e-01 2.030590458402409954e-02 1.213466332280346005e-01 3.594460880597169505e-02
2.141613296837543997e-09 9.589957233551851257e-01 6.733101833431146588e+01 -1.065216907319714856e+00 -6.298863243297164738e-01 2.399562968788694281e-02 1.130776445443220507e-01 2.775862683541390763e-01
1.945610714259899012e-09 9.603851158593401660e-01 6.665952235509784884e+01 -8.678490781206917859e-01 -3.775056119058920467e-01 2.437428683288905135e-02 1.243798513444277498e-01 6.372487278766625352e-02
1.995963065501988727e-09 9.543833980012197404e-01 6.452354937440820493e+01 -1.051358521474603291e+00 -1.163353221970880869e-01 1.995757425363975726e-02 1.242443068827024655e-01 1.392726759682826332e-01
2.188976501430010553e-09 1.007516779860045730e+00 7.330723911710356333e+01 -8.545779707257791236e-01 -2.583790683431849144e-01 2.203282452254609614e-02 1.144126121393106016e-01 4.131437374464866363e-01
2.321474758209487281e-09 9.563365481034165061e-01 6.041826910478734902e+01 -8.518854543084783959e-01 -2.145476106866034405e-01 2.435861109951031542e-02 1.199504811056614634e-01 2.239372506503110316e-01
1.787803884552413612e-09 9.568626914469967604e-01 7.319314701925804911e+01 -1.111655425318833545e+00 -8.586652737776075961e-01 2.006187948418266739e-02 1.211934995911097129e-01 1.581521927195475921e-02
2.108364667681355529e-09 9.700274644827797665e-01 6.275560812279928768e+01 -7.810887934076267136e-01 -6.626716186911016937e-01 2.325903939909397186e-02 1.260221614388077338e-01 4.781199374503954935e-01
1.900760105464406402e-09 9.641859874575325895e-01 6.553403976623266658e+01 -7.448770010883026815e-01 -5.496141734754296237e-01 2.249911608146705835e-02 1.129588469440756943e-01 4.683828816947881168e-02
1.997917206231883609e-09 9.503550364378599014e-01 6.872823406092035725e+01 -9.489362386146191763e-01 -4.830592372249136179e-01 2.305249723982276400e-02 1.179991630366115235e-01 3.989236223413766269e-01
2.382335381260978074e-09 9.428571741083462410e-01 7.287568943354929729e+01 -1.035206359422908173e+00 -9.891638901301684772e-01 2.223155430736634131e-02 1.238691132555109903e-01 1.085975468943623651e-01
1.876331863289177709e-09 9.551847484468196647e-01 6.077166869675581040e+01 -8.052448347931180361e-01 -9.185826551628396563e-01 2.412900189575993559e-02 1.259534251956410111e-01 1.628191785210917064e-01
2.005039377793570229e-09 9.556428941516799114e-01 5.972674398495721704e+01 -1.049432174324566924e+00 -7.155799346440867570e-01 2.366704237629675342e-02 1.291256076289569177e-01 2.714655802178440880e-02
1.972615682325330378e-09 1.009608690370920936e+00 6.894487543622032888e+01 -7.693398377265330268e-01 -4.455252977677522930e-01 2.416203851619852169e-02 1.113166266819838601e-01 3.063796443636658817e-01
2.352246785372194123e-09 9.552297409948224960e-01 6.746829577299843095e+01 -1.202845546527021359e+00 -5.511842713249857084e-01 2.412969409424596187e-02 1.172493740335429774e-01 3.821680513818156988e-01
1.791042857418907360e-09 9.619511962170098629e-01 6.138786936318262377e+01 -1.123445031681099326e+00 -5.948769115098468951e-01 1.991789541938444527e-02 1.250159388319794784e-01 5.819611409914796779e-02
2.192915901269282023e-09 9.916971277361232850e-01 6.320118331260869127e+01 -9.236281755121933390e-01 -4.453271438789716541e-01 2.384918187244081111e-02 1.220538876494581260e-01 1.293159198095522322e-01
2.212433756779337315e-09 9.886207585731479064e-01 6.845367132499197282e+01 -8.712459925933658811e-01 -6.744771694373207227e-01 2.195820256399280343e-02 1.164812311243012405e-01 4.873140160233206397e-01
1.833725995420250227e-09 9.859506537346647281e-01 6.717294720713819345e+01 -1.129371495802428349e+00 -8.706225896452128854e-01 2.330303873670587500e-02 1.162678417575353229e-01 2.203123591049170604e-01
2.109161533421014054e-09 9.675374153166251823e-01 5.983067934948454791e+01 -9.980364281684281913e-01 -4.404170654681902608e-01 2.296092200357164465e-02 1.125164233170889982e-01 1.878220641212736408e-01
2.106556071005647188e-09 9.765371587209205062e-01 7.242581860348454370e+01 -1.223348607303421653e+00 -6.226885315637078477e-01 2.299822899181204125e-02 1.231756080459772418e-01 4.643289029102170007e-01
2.428055257741752226e-09 1.008421833896779196e+00 6.162537944700005710e+01 -7.910189409727879095e-01 -6.464160692173963607e-01 2.189209628800804081e-02 1.160455288062917645e-01 4.089134854592281765e-01
1.883524952815888708e-09 9.454001160317729857e-01 6.137838243518906722e+01 -7.513959335511664062e-01 -8.026005919436758340e-01 2.213891140076872099e-02 1.227419515446245141e-01 2.690022500739779748e-02
2.351312497612835532e-09 9.709683473791502761e-01 6.916815386945138755e+01 -1.146239164218062268e+00 -1.342251142009129872e-01 2.117969689187842314e-02 1.222856428835195353e-01 2.487381250317859116e-02
1.947220468608973427e-09 9.415251393800223578e-01 6.461622442649709797e+01 -7.600475623602449549e-01 -5.426628064436183063e-01 2.250686355649362397e-02 1.220816625279926709e-01 2.114805518296848375e-01
1.989893924322878275e-09 9.663580738860556574e-01 6.394882094856247789e+01 -7.595745510502213138e-01 -6.059381392585458936e-01 2.289033929476031945e-02 1.223427710275487718e-01 1.910471208922983610e-01
1.945869928878202800e-09 9.913160473305132614e-01 6.291731657669195954e+01 -1.063973581964141379e+00 -5.136760577557524243e-01 2.283048140586918864e-02 1.180085682311257378e-01 2.056815218735789652e-01
2.315020939821837481e-09 1.001460122677009901e+00 6.472590800485585305e+01 -1.021090451315033398e+00 -1.007006406878250271e-01 2.272784240581629880e-02 1.191383437999995742e-01 1.611708557676931053e-01
2.118112410671942409e-09 9.445039093364242522e-01 6.147152923954870118e+01 -1.014837748019535635e+00 -1.003454692921582625e-01 2.017651448730757927e-02 1.168079229243565720e-01 4.488386173815028246e-01
2.333997262077463488e-09 9.343789791173928716e-01 6.873826434974056099e+01 -8.251518292942817689e-01 -8.230615630720173881e-01 2.475915520616682811e-02 1.163493073172983810e-01 2.475142639144363790e-02
2.034638396231023321e-09 9.762499270116462569e-01 6.432296421458056557e+01 -9.232641207380000159e-01 -2.348407098856518660e-01 2.220797418518560828e-02 1.232857561825201342e-01 3.169226285864672477e-01
2.294384580597608445e-09 9.671216688810632123e-01 6.222892315890909742e+01 -1.102932496638426629e+00 -7.105728514698992360e-01 2.249499354412403535e-02 1.270414930428605538e-01 4.018935791833642690e-01
2.188757214115857145e-09 9.335239505868819787e-01 6.414347971571076812e+01 -1.071465669565433876e+00 -2.914642457379168494e-01 2.070074944446871276e-02 1.197941092792291773e-01 4.479142457006577427e-01
1.920917850261604717e-09 9.606899883568496001e-01 6.971520604727109571e+01 -1.167198589474667925e+00 -1.022190755832274034e-01 2.133456311860738169e-02 1.112129677313486026e-01 4.086865175112965320e-01
2.374358554069436631e-09 9.437472364932346647e-01 7.406209073481709027e+01 -1.136407114425772358e+00 -8.875880626298253695e-01 2.465445700057533260e-02 1.209523609418390738e-01 4.015745940534387048e-01
2.209353209805122509e-09 1.009419257644969425e+00 6.310103382879436396e+01 -7.878503924240001233e-01 -3.042545398325443573e-01 2.282762606422849075e-02 1.268392447543047752e-01 3.724377010352966089e-01
1.907517475807516531e-09 9.600312029640056810e-01 6.166802231592469496e+01 -1.202353512913422851e+00 -1.415265789499409177e-01 2.434550980165872333e-02 1.157777555067344283e-01 9.715015854170198917e-02
1.976220353175506805e-09 9.357475601303225643e-01 6.881153960291865701e+01 -1.077033039043150620e+00 -2.484739070168695552e-02 2.410425312048800409e-02 1.100162112386736946e-01 7.965298929485049861e-02
2.223942032828817302e-09 9.589632489273931526e-01 7.108165015502760298e+01 -1.163124059067240035e+00 -6.565599395925492132e-01 2.222602522068863051e-02 1.201192856510510804e-01 4.670692219932325306e-01
2.211460072204894419e-09 9.750649391142898192e-01 6.538560837833495043e+01 -1.187799268656245077e+00 -5.830817199044959764e-01 2.130054452399005732e-02 1.268489476883039035e-01 3.284695800108162200e-01
1.986439983562510077e-09 9.570860418228286370e-01 7.197021417159912460e+01 -7.982509783216735766e-01 -9.661457147898996345e-01 2.089732731960358691e-02 1.101220703545651713e-01 1.711264493953271459e-01
1.891257997393735172e-09 9.338845811734636237e-01 6.721578319765819742e+01 -9.294172926660781986e-01 -4.158789114918637342e-01 2.082426663926002439e-02 1.223934039459583234e-01 1.981366376965132681e-01
1.849003535622307677e-09 9.310422897254445607e-01 6.604144675830160338e+01 -9.109694429147325856e-01 -3.653849650168128349e-03 2.361243662008282590e-02 1.178523236333214458e-01 2.796519383817206994e-01
1.870819597222456786e-09 9.396022625737608935e-01 7.357659915705772846e+01 -8.145387701431612282e-01 -9.926916280299739048e-01 2.131042026222270194e-02 1.105713382820636692e-01 2.572242340916691128e-01
2.229745774506152056e-09 9.948213692285989840e-01 7.340086787773587673e+01 -8.357087219983223569e-01 -9.136320847071470741e-01 2.219080936409789651e-02 1.258062987064956229e-01 2.535913160713699210e-01
1.822682559051166954e-09 9.707146509848457727e-01 6.236524774899653778e+01 -9.409822969325603026e-01 -1.612672568432640396e-01 2.095198894348974938e-02 1.280522342726395091e-01 9.552373886849364892e-02
2.298922520672327661e-09 9.680379804280923040e-01 7.237198367431273027e+01 -1.160429339908173985e+00 -9.575830401486038479e-01 2.021786913815181233e-02 1.119558452068163124e-01 4.711968624562504204e-01
1.962551592621880743e-09 1.002869948883817752e+00 6.916740264769103419e+01 -1.200753430428358692e+00 -8.561511334741922497e-03 2.078374610464603367e-02 1.284146761117075930e-01 4.925746238451483849e-02
2.300727223029356465e-09 9.778079689553745846e-01 7.323169381625834262e+01 -1.132518946578328078e+00 -4.282200501307764640e-02 2.055640275121466132e-02 1.240769272683102109e-01 3.244212827045146463e-01
2.400265606432115361e-09 1.008565041095593973e+00 6.565196419820431117e+01 -8.612082604185518075e-01 -5.265899749701008492e-02 2.015102689125423605e-02 1.192164346944411674e-01 7.005978709360934087e-02
1.837662594556597402e-09 9.449292862359705003e-01 6.606659783224318971e+01 -9.346724225720914880e-01 -9.110546380024593383e-01 2.091376381515704097e-02 1.170097528900616163e-01 4.187567641537947583e-01
2.348899942906933289e-09 9.664580312967603337e-01 7.331933146718861849e+01 -1.068125467896764658e+00 -2.157308062051852549e-01 2.455466887234291837e-02 1.291709120819165835e-01 1.980477693814976514e-01
2.197981508102198899e-09 9.776433379100795129e-01 7.106728018580744788e+01 -9.701638756601753677e-01 -9.731824713801545679e-01 2.068990567989218918e-02 1.283098968559810982e-01 2.212630254146642217e-01
2.023996517181831064e-09 9.680204597801782551e-01 6.000650625742128597e+01 -1.210847646724170223e+00 -1.811425101934353021e-01 2.118299453359363815e-02 1.116307335212142343e-01 4.227278548999221508e-01
2.383841766564784818e-09 9.753280707449283327e-01 7.126428414909847220e+01 -8.583830550720168429e-01 -3.448239104065382588e-01 2.077494418265703538e-02 1.178405518763098458e-01 3.560584440534467765e-01
2.174148868330180129e-09 9.986000937288497248e-01 6.445118860003258021e+01 -1.062869458794042599e+00 -4.021816371459487893e-01 1.991741930565365040e-02 1.276778623809041724e-01 3.785285314149640090e-01
1.972384982709086012e-09 9.390150171352766861e-01 7.354614477210432710e+01 -7.947156091558659208e-01 -2.306795860510006957e-01 2.234528940791417548e-02 1.272362791613683430e-01 2.770011143385861518e-01
2.025988007551900637e-09 9.820973792838977312e-01 6.809470775293937095e+01 -8.367648505842970597e-01 -9.569615148541241734e-01 2.447200338951622395e-02 1.264577175306019485e-01 4.448357948049282973e-01
1.995401091350871607e-09 9.672466321046913063e-01 6.838639680533810861e+01 -1.140903771102562025e+00 -7.400702243429735372e-02 2.332436860879314594e-02 1.160065994042519255e-01 4.701035604768095677e-01
1.801447540926716517e-09 9.507331210246220410e-01 6.876894095221000214e+01 -9.683377524148526483e-01 -9.835122250356886919e-02 2.051809633144252229e-02 1.257688578575557325e-01 3.013282210545514817e-01
1.790381086671199675e-09 9.425600595171422791e-01 6.729914985495155122e+01 -8.197118798614051460e-01 -8.062894394382363883e-01 2.243878084738550743e-02 1.138564353664610757e-01 3.210411872034324432e-01
1.923791223127448805e-09 9.801299249929761315e-01 7.440082781383026145e+01 -8.229568832901024145e-01 -7.121205486624984093e-01 2.000711381682106216e-02 1.130698467013539071e-01 3.877844516616971715e-01
2.173907302524312411e-09 9.793318179664527445e-01 6.973772918214100969e+01 -1.060592644535940821e+00 -1.480474644440878951e-01 2.103245350879592510e-02 1.271669657801642317e-01 4.123931982677591090e-01
1.835837675170050368e-09 9.457999936525659512e-01 7.002715816260177917e+01 -1.161574311986439678e+00 -8.043243258744731117e-01 2.288158984522586925e-02 1.249217115064357869e-01 2.461994855121271697e-01
2.109686953183009030e-09 9.456288563084611631e-01 7.276616287808450068e+01 -1.147092146455997330e+00 -5.587774863745973430e-01 2.075707698875472670e-02 1.225083138291208906e-01 1.041620377509300255e-01
2.268505554355686487e-09 9.362744358230147279e-01 6.400592150544160575e+01 -1.249503835191166701e+00 -9.625407211879231095e-01 2.173794307642452558e-02 1.285808960691786629e-01 4.082747820714641152e-01
2.329571975565751896e-09 9.378604250516116014e-01 7.115107311173494509e+01 -1.095929366278852068e+00 -5.083860195549704253e-01 2.080391028837585282e-02 1.257555229202042546e-01 4.201755117270400963e-01
2.105725412902562243e-09 9.421639430230609458e-01 7.041956311321433759e+01 -1.095521890836726353e+00 -2.967749379050113046e-01 2.059698715477350367e-02 1.231931488075010822e-01 2.113369591635902711e-01
2.385567611246648003e-09 9.554351759313173265e-01 6.728790612439610186e+01 -1.146820140666267029e+00 -3.292143005916966514e-01 2.201454867644675462e-02 1.276676142155959148e-01 2.782242853449711784e-01
2.395777609814296377e-09 9.690128460484438433e-01 6.111688088232067173e+01 -1.175023927747486985e+00 -6.345607576534499916e-01 2.261834131585629265e-02 1.259000179461713664e-01 1.486777267522445545e-01
1.951360479110966377e-09 9.443293119350850695e-01 6.895930973833991118e+01 -1.157540796996609167e+00 -7.238859500007939207e-01 2.273674473590796274e-02 1.225998998600786455e-01 1.605958572259393313e-01
2.356539824822418548e-09 1.006691792560754806e+00 7.110105197862158377e+01 -1.031514792487831844e+00 -6.045235719350952053e-01 1.993603385633594891e-02 1.181916329774962554e-01 3.475677195244282758e-01
2.016505504376644789e-09 9.350653947208762418e-01 5.963517487517495397e+01 -9.879190004599567310e-01 -3.241272522042717430e-01 2.280025094675013422e-02 1.198845899749761551e-01 1.207825990904795414e-02
2.092780978666608538e-09 9.704570748594858465e-01 6.683630154514359845e+01 -8.556432105047884207e-01 -1.911340055808666838e-01 2.084729257543154260e-02 1.135624833023975988e-01 1.558315551137816890e-01
2.154057087981713599e-09 9.930889945672349839e-01 7.275479509849117221e+01 -7.643577926299867098e-01 -8.814471689750569272e-02 1.991485093312541158e-02 1.125726794689230204e-01 3.681531980981631730e-02
2.135654651530904928e-09 1.004148815449313670e+00 6.793987979031210500e+01 -1.033728644073315328e+00 -4.969687216414531150e-02 2.215054026825364134e-02 1.219948354583296063e-01 3.925618498081783203e-01
1.886553730683005652e-09 9.476378414739874412e-01 6.873651331147061683e+01 -1.180417694385157645e+00 -1.987079425375671837e-01 2.087665683079644938e-02 1.260436160034155151e-01 2.971465279828578443e-01
2.046466237393514255e-09 9.983844166160782407e-01 6.311412227853065815e+01 -9.147484919994968156e-01 -4.366461905891705353e-02 2.137106024775288493e-02 1.174592920530700690e-01 2.652316439948634308e-01
1.876897678203283893e-09 9.756464487238003525e-01 7.320579012845789180e+01 -8.229860773370584193e-01 -8.693974072362448124e-01 2.225624410502258926e-02 1.273830586258347108e-01 1.071620093376203786e-01
1.955888727029590577e-09 9.734897220856888467e-01 7.263214690483417257e+01 -9.593694697730179577e-01 -7.840012822323402242e-01 2.414606832453203289e-02 1.193156535275914365e-01 3.325758921080654296e-01
1.790010983814258769e-09 9.524821841297841374e-01 7.371049618921158242e+01 -1.137806234973359976e+00 -5.541691509113870762e-01 2.077892123964432056e-02 1.267962177840388505e-01 1.091418016858407419e-01
2.414420633525915819e-09 9.683519184713287320e-01 6.394411388231827686e+01 -9.541834746088063701e-01 -7.856911302954244780e-01 2.326501233426955806e-02 1.130170992598347052e-01 8.878513744405307218e-02
1.877434450094256787e-09 9.672037104215943648e-01 6.854044379199558534e+01 -7.638040953352187579e-01 -4.582537994151475447e-01 2.468857441477033399e-02 1.272961797997185229e-01 3.790287899626603174e-01
2.231852870285127571e-09 9.865336668919973961e-01 6.618232927312497793e+01 -1.248811941418280114e+00 -6.137018516278998082e-01 2.027541783666624367e-02 1.274824115007202885e-01 2.943788118509674812e-01
1.886288273135950946e-09 1.001018184089972785e+00 7.023619716632678944e+01 -1.097114352737958543e+00 -9.737928292038877665e-01 2.037035181024993841e-02 1.164739368991848240e-01 3.190049562366620850e-01
1.870233209627045037e-09 1.003829678447419882e+00 7.154477925719052678e+01 -1.235300377545031747e+00 -1.723246945221357240e-01 2.167543096525690119e-02 1.281289511672450698e-01 4.689296399522983605e-01
2.115990570332605711e-09 9.302204345027618171e-01 7.379426266544186319e+01 -7.423100254695329525e-01 -8.386762655451482917e-01 2.390774816944259487e-02 1.110866285196724923e-01 4.237968947494340499e-01
1.801803325115336220e-09 9.697485685257046795e-01 6.005322911334064884e+01 -9.850503876211111898e-01 -8.431094790142857898e-01 1.994337680090542755e-02 1.262285614528572408e-01 2.154876635615538549e-01
1.973356804231805670e-09 9.568437145884216566e-01 6.224834075719849835e+01 -9.314287542589787527e-01 -7.263934867439415521e-01 2.434404933526113091e-02 1.288206239250564156e-01 3.930354190260325065e-01
1.885629360336391478e-09 9.979924989493443865e-01 7.254556854693230150e+01 -8.071713974037981743e-01 -1.271539504188279324e-01 2.158011876532515971e-02 1.113901640785405350e-01 1.760294384233267520e-02
2.127260857982086339e-09 9.739844016921523906e-01 6.698931775704407698e+01 -9.313374718427460675e-01 -2.972395846338266034e-01 2.132809917640443934e-02 1.222736354653453095e-01 5.547635553495317701e-02
1.952380961267771717e-09 9.550742280111411686e-01 6.399422354738129570e+01 -1.154006112486892111e+00 -6.609248348978624676e-01 2.158975463464474567e-02 1.180827353458669959e-01 2.743898397166354836e-02
2.059246579640049837e-09 1.008913397454567651e+00 6.581420973455684020e+01 -1.066204320284542373e+00 -5.753163910873626552e-01 2.416901820543044394e-02 1.294744309814741534e-01 1.603645033312877666e-01
2.420526743440267401e-09 1.008693264283206936e+00 6.171739765018300261e+01 -1.126884288646308629e+00 -7.248261943187375156e-01 2.288699030244833316e-02 1.171027484669472374e-01 4.593472211219094131e-02
1.932856415773602612e-09 9.688161914119181040e-01 6.481017609416844039e+01 -1.007801749906958033e+00 -3.189715590097169651e-01 2.433082061089431383e-02 1.107971350981592218e-01 2.970141433464592029e-01
2.294948046735947391e-09 1.004084053657170017e+00 6.037509574319599182e+01 -7.741961939486872168e-01 -4.605428468628358640e-02 2.008531346315914692e-02 1.192203601700195653e-01 4.819240008268930175e-01
2.114112403524876110e-09 9.709539793067533120e-01 6.066461603595608665e+01 -1.065545765961606772e+00 -7.926467070002536364e-01 2.010863557994087975e-02 1.171740362460934604e-01 4.875034801108490967e-01
1.795897581262137145e-09 9.769889613577693588e-01 6.206939612685625463e+01 -1.088414157747308542e+00 -2.265878347765546419e-01 2.380920840643196978e-02 1.291435671824771869e-01 2.536491129672761025e-01
1.866878118006687839e-09 9.458342336328039446e-01 6.879862847636859158e+01 -9.652211757518919244e-01 -6.789819819364348863e-01 2.331313118920012167e-02 1.232100607290180089e-01 1.131038487714219470e-01
1.916569146703586688e-09 9.997677549972436850e-01 6.655397071932908659e+01 -1.230910740250381830e+00 -5.184219595474637288e-02 2.341512682240934340e-02 1.112076508193243496e-01 4.957491386597620564e-01
1.936992375490543208e-09 9.465106922664843214e-01 6.278488125854224933e+01 -1.219290772075579454e+00 -2.694671268327964997e-01 2.476109710896669952e-02 1.186847378061711145e-01 4.195234823011236847e-01
1.968934739725197536e-09 9.975117435681205569e-01 7.057307032112723277e+01 -1.226358414037636679e+00 -1.651566590606251550e-01 2.075798218631412506e-02 1.238611448918182367e-01 3.299761709682871857e-01
2.103594840949730133e-09 9.528817999092473734e-01 6.717873875779031323e+01 -1.069577652163705483e+00 -6.397246027432238469e-01 2.249381758156387620e-02 1.110204857067838419e-01 3.918346676071212120e-01
2.202900435285129040e-09 9.861976951203543784e-01 6.922551208620878072e+01 -8.565834265258434055e-01 -9.824563888662224409e-01 2.228966461226465287e-02 1.177718503580741788e-01 1.369330577359059165e-01
2.368732760805545537e-09 9.386368804557815304e-01 7.433518470543056367e+01 -8.712010677773969203e-01 -1.753204847882181561e-01 2.380637267607378996e-02 1.265106269977922804e-01 6.922321874900284888e-02
2.229024335439450245e-09 9.804902710070245719e-01 6.122306142329419743e+01 -8.136236854195155743e-01 -9.466870900674766443e-01 2.085416520883654271e-02 1.135861136069435812e-01 4.087204882909323822e-01
1.984340278419239032e-09 1.003660748927115876e+00 6.022475100810723347e+01 -1.074248780763068289e+00 -2.507549900231981210e-01 2.431948586755000585e-02 1.294106724241109174e-01 2.839312834986774670e-01
1.871248901106780260e-09 1.000328201279270690e+00 6.323282058537251515e+01 -1.094542617627079162e+00 -5.053100466058291218e-01 2.119093484581103387e-02 1.237972264347642903e-01 4.588182523504080040e-02
2.177776964661248369e-09 9.920680025809167635e-01 7.347038939047590134e+01 -1.046348232667662526e+00 -5.801609887737897431e-01 2.051091278166507909e-02 1.132096083281924209e-01 2.948015092995432546e-02
2.199046928919645814e-09 9.926592200033419466e-01 6.498256035958112875e+01 -1.060329326083202295e+00 -1.669647739155845079e-01 2.387834970986806374e-02 1.200351958264728597e-01 3.252580028281554236e-01
2.166821199569500612e-09 9.515832603046592286e-01 6.491925207182572422e+01 -1.277024734944780970e+00 -5.119049009928147154e-01 2.457158572714438285e-02 1.257305131146738142e-01 2.821458816642431477e-01
1.999796822413973135e-09 9.327529932687543823e-01 7.187723097613658751e+01 -1.177691102283394908e+00 -4.869764295729267500e-01 2.454391371417279782e-02 1.154865825937079898e-01 2.387679967549003190e-01
2.141768786263715672e-09 9.460322735822597195e-01 6.530383234081321575e+01 -7.522934011836855950e-01 -3.317699117299613976e-01 2.186651412077131318e-02 1.278864370372148340e-01 3.913509686044060465e-01
2.264294687857791483e-09 9.801780627491729625e-01 7.445076290949752718e+01 -8.592301749242452491e-01 -2.758507248585025939e-01 2.021133552738110101e-02 1.197401149828346278e-01 4.487191617224957629e-01
1.901535439267795010e-09 9.813662467812105383e-01 6.125004985304448724e+01 -1.196499688225961311e+00 -5.325191953416207324e-01 2.459270844093500510e-02 1.121798458549163463e-01 4.456869735318411130e-01
2.120895564534143025e-09 9.535623341799172037e-01 6.633212266496991560e+01 -1.271227077201119604e+00 -5.976853748905808228e-02 2.285088822422415636e-02 1.107118796046401288e-01 1.465982484190039292e-01
2.055803342297824469e-09 9.927598674452999816e-01 6.722997446935221433e+01 -1.123965287285667136e+00 -4.695476563034993722e-01 2.180439806280414644e-02 1.290253330699212553e-01 3.008624021646340574e-01
1.795083821869000766e-09 9.413712835047821637e-01 7.253409183595221066e+01 -8.292989089209032993e-01 -8.005508623784192146e-01 2.343395767446644282e-02 1.133209579489200258e-01 1.534669532555053006e-01
2.245677403060232889e-09 1.008683249743784094e+00 7.134130015659391688e+01 -9.345457273487465244e-01 -6.202473839067996764e-01 2.470324412193383723e-02 1.108985316658227249e-01 3.918955590398684463e-02
1.872289417554748080e-09 9.734512034956098736e-01 7.410089842910417701e+01 -1.221957579378733172e+00 -8.508422123138547066e-01 2.059356066853689979e-02 1.287656534508194728e-01 6.242286917368192189e-02
2.332292290742658971e-09 9.780880063183891027e-01 6.480564427012858175e+01 -7.318965217328972095e-01 -5.062612790509604110e-01 1.982681870795223109e-02 1.288984714412781118e-01 4.018131235194352668e-01
2.376274406601542210e-09 9.379003847444050690e-01 6.300995205681488187e+01 -1.015115589547883834e+00 -9.419060536676422402e-01 2.285107555021850811e-02 1.135771690070234569e-01 3.489510594073935712e-01
1.964931862594177957e-09 9.410496346317871463e-01 6.863128266691420265e+01 -9.567441587551934745e-01 -2.531052363402852556e-01 2.269950830098235728e-02 1.222421274759190879e-01 1.909173569542044757e-01
2.345064131940936459e-09 1.006518926946492920e+00 6.342763278125612914e+01 -1.018218801659840800e+00 -2.814526098086954642e-01 2.293274394091870602e-02 1.290940006046787658e-01 1.016810808107381225e-01
2.095433320380486098e-09 9.973958407157932360e-01 7.140723558383372449e+01 -8.878548930428755703e-01 -1.383423379280115384e-01 2.258325232790868442e-02 1.281475347448515767e-01 2.003601769322824466e-01
2.334564881711982705e-09 9.655891797263765897e-01 6.142907838273229970e+01 -1.055646570875029777e+00 -4.645473200172991479e-01 2.044174568511742535e-02 1.298244242634335466e-01 4.693662770813640805e-01
2.280493648425839080e-09 9.815969321595847674e-01 6.898902202775244064e+01 -9.029752773510439923e-01 -9.993219246281964674e-01 2.334519975633671252e-02 1.253125563041561086e-01 4.111274484297705034e-01
1.936488763577729503e-09 9.611584291702078842e-01 6.784589195095838932e+01 -1.151612660811171640e+00 -1.102408803970265083e-01 2.472005097029954940e-02 1.211213830518336337e-01 3.296638913517853653e-01
2.162334816664435418e-09 9.380545202633904234e-01 6.611133760651159719e+01 -1.272018597678338914e+00 -1.138150314312638134e-01 2.203343473303670530e-02 1.154294107984486784e-01 2.808680666195144671e-01
1.846312656557940654e-09 1.008849210198414115e+00 6.056056691830688976e+01 -1.237037504220489526e+00 -3.335527585060601430e-01 2.367880489456415313e-02 1.187601336229430066e-01 1.160727525025398443e-01
1.970582444099527945e-09 9.590038133279189525e-01 7.352218471166689540e+01 -8.302832467603520339e-01 -9.736796063285260150e-01 2.279425433794163292e-02 1.152818045012597575e-01 4.889985398877212952e-01
2.234903315556604238e-09 9.440022301593011811e-01 7.333099303097105803e+01 -9.770276511412810949e-01 -9.695775751860272740e-01 2.095377571478084650e-02 1.228494905535324200e-01 4.537423549973179648e-01
1.907002646637239648e-09 9.666023252365668617e-01 7.148663957662927260e+01 -7.577082405978717849e-01 -7.039580832654422915e-01 2.009876875218486944e-02 1.295351443216543053e-01 3.366882075798360852e-01
2.042370630382387776e-09 9.516187377035305595e-01 6.490170697126256982e+01 -1.079758914826244087e+00 -7.229469213492744073e-01 2.326294656374380820e-02 1.228673834316438840e-01 3.870969323975019805e-01
1.884711303838148027e-09 9.309755206755059298e-01 6.192483507518800678e+01 -9.712063233669524509e-01 -9.278246568191897969e-01 2.455542261742267932e-02 1.276132450638877702e-01 2.257582443443116316e-01
1.810417292508895216e-09 9.964879022791605090e-01 6.601197742918463973e+01 -1.194219336351439065e+00 -6.256844786544084602e-01 2.163913487952614720e-02 1.157037269887404157e-01 3.627291427235091459e-01
2.040752313322158512e-09 9.895190468818847451e-01 6.374733123751611430e+01 -8.140330025294368888e-01 -1.648347611888568709e-01 2.403636492023200275e-02 1.170187934829808596e-01 4.468943335764010150e-01
2.310969210677014585e-09 9.375678651720680268e-01 6.715724802065095389e+01 -9.837214855176040773e-01 -7.700754331082082516e-02 2.105129163563037448e-02 1.279805045535638564e-01 2.928985222170037983e-01
2.102741891382631631e-09 9.793498643658006264e-01 6.894963458673629475e+01 -1.178688837473571116e+00 -6.897664963829978069e-01 2.059200423385366963e-02 1.145908782555382227e-01 3.175137566867519689e-01
2.055967930763677509e-09 9.448591536914234812e-01 7.089648945367302701e+01 -9.143750664578575993e-01 -2.111013440758187087e-01 2.368481361260767540e-02 1.296983309976103560e-01 4.695245741204113754e-01
1.861149025780212707e-09 9.319632466067999665e-01 7.327199480630098094e+01 -1.152335412189062769e+00 -5.466746452297455150e-01 2.181022911582533932e-02 1.164925612548330797e-01 4.638077971050922899e-01
2.207099021168939937e-09 9.636715961512967166e-01 6.093401071036470995e+01 -9.023171043930986457e-01 -5.663304337307641934e-01 2.421255331471958150e-02 1.134234915774978425e-01 1.685778815183069101e-01
2.246741892371928806e-09 9.381766322440060479e-01 6.596302498860403318e+01 -1.101217814759959390e+00 -2.546806478647618555e-01 2.105938260088846548e-02 1.162182729592545899e-01 4.335420924708753843e-01
2.027114383908430993e-09 9.902439761642504168e-01 6.249704109943260022e+01 -7.965965103631106325e-01 -1.441156345058713928e-01 2.166666525079365135e-02 1.144905814734298033e-01 2.494450253826152597e-01
2.329784549727801326e-09 9.575945745586641467e-01 6.572588563220355695e+01 -8.872772666251717011e-01 -6.408363282173908937e-01 2.097273668875865998e-02 1.207954396146273535e-01 4.900162237764134066e-01
2.158929398201719196e-09 9.365329352000161256e-01 7.375066169014414186e+01 -8.135543457709507598e-01 -3.461950704573101278e-01 2.225479171964848263e-02 1.265725923358243798e-01 3.756046593284248503e-01
2.148477200604822413e-09 1.002095130898449371e+00 7.088179018675268139e+01 -8.403938681722533666e-01 -9.638927355441884171e-01 2.451024294366945661e-02 1.114288096043449805e-01 7.963582322736034724e-02
2.341721683657240208e-09 9.940158762766745371e-01 6.307840091700607843e+01 -8.532149563337041442e-01 -1.029739880180444711e-01 2.475902266397209811e-02 1.270244498067501226e-01 8.444443027056203199e-02
2.121368252988772656e-09 9.602153375529483004e-01 6.499847665342987568e+01 -1.028283222507700989e+00 -1.895385726350082845e-01 2.297533088228174633e-02 1.144734299141116213e-01 9.152036810103526820e-02
2.256181658529015939e-09 9.714772280826113882e-01 6.497405083932603986e+01 -7.840429964733066637e-01 -8.925986689636747906e-01 1.986049832560430814e-02 1.172514424517492604e-01 1.708102154348797030e-01
2.317810474471701279e-09 9.595880528481430805e-01 7.347583912767426284e+01 -1.005742019185474012e+00 -3.920756403382170685e-01 2.314310842775168034e-02 1.101941411270242061e-01 1.493459360565172200e-01
2.273807870538797588e-09 9.896176739854196658e-01 7.211230429679623910e+01 -7.958871455929177330e-01 -8.900020462816081723e-01 2.085608088548938574e-02 1.234470830495256466e-01 4.734988881887294832e-01
2.278729001503383538e-09 9.311290641997171935e-01 7.093806020184224792e+01 -9.113509537348190026e-01 -1.990761621683621030e-01 1.996313473004937902e-02 1.190187324984327139e-01 1.101603184210346309e-01
1.900904786812891255e-09 9.307349991883530071e-01 6.988290877511636268e+01 -1.196893654560869713e+00 -6.240120769653272337e-01 2.191962073441512324e-02 1.221380573272577985e-01 5.326983098598325750e-02
