4.179326953125000000e+04
5.897989843750000000e+04
9.061854687500000000e+04
7.931925000000000000e+04
7.115106250000000000e+04
5.686095703125000000e+04
5.002826953125000000e+04
4.135534375000000000e+04
3.783109765625000000e+04
3.955495703125000000e+04
3.537517187500000000e+04
3.171257031250000000e+04
2.954746875000000000e+04
2.878413476562500000e+04
2.450591992187500000e+04
2.332950781250000000e+04
2.051307226562500000e+04
1.954754882812500000e+04
1.872046289062500000e+04
1.739256054687500000e+04
1.634583300781250000e+04
1.618581445312500000e+04
1.503666406250000000e+04
1.500057128906250000e+04
1.385515039062500000e+04
1.351276171875000000e+04
1.304751171875000000e+04
1.190194335937500000e+04
1.171434277343750000e+04
1.112101660156250000e+04
1.095158886718750000e+04
1.049994238281250000e+04
1.046992089843750000e+04
1.026163867187500000e+04
9.740357421875000000e+03
9.571583007812500000e+03
9.285995117187500000e+03
9.003520507812500000e+03
8.800484375000000000e+03
8.563644531250000000e+03
8.468970703125000000e+03
8.439881835937500000e+03
8.058539550781250000e+03
7.927551757812500000e+03
7.928843261718750000e+03
7.567470214843750000e+03
7.399902832031250000e+03
7.432753906250000000e+03
7.306250488281250000e+03
7.152962890625000000e+03
6.956048339843750000e+03
6.946095214843750000e+03
6.848002929687500000e+03
6.685367187500000000e+03
6.601477539062500000e+03
6.526988281250000000e+03
6.403584960937500000e+03
6.369919921875000000e+03
6.280646484375000000e+03
6.262096679687500000e+03
6.180348632812500000e+03
6.087660156250000000e+03
5.996782714843750000e+03
5.958875488281250000e+03
5.887279296875000000e+03
5.881008300781250000e+03
5.758692382812500000e+03
5.670396484375000000e+03
5.662427246093750000e+03
5.628082031250000000e+03
5.582682128906250000e+03
5.486187011718750000e+03
5.472322265625000000e+03
5.440030273437500000e+03
5.347080078125000000e+03
5.281282226562500000e+03
5.295212890625000000e+03
5.257754882812500000e+03
5.181704589843750000e+03
5.165917968750000000e+03
5.123711425781250000e+03
5.125561523437500000e+03
5.088349121093750000e+03
5.025274902343750000e+03
4.977520996093750000e+03
4.942905761718750000e+03
4.933895507812500000e+03
4.892297851562500000e+03
4.873257324218750000e+03
4.857256347656250000e+03
4.827191894531250000e+03
4.777657714843750000e+03
4.795531250000000000e+03
4.721390136718750000e+03
4.695117187500000000e+03
4.704248046875000000e+03
4.651813964843750000e+03
4.642655273437500000e+03
4.614448730468750000e+03
4.581920410156250000e+03
4.564809082031250000e+03
4.568975097656250000e+03
4.553085937500000000e+03
4.510453125000000000e+03
4.515766113281250000e+03
4.482338867187500000e+03
4.468158691406250000e+03
4.458753417968750000e+03
4.412168457031250000e+03
4.415847167968750000e+03
4.382270019531250000e+03
4.398891113281250000e+03
4.355470703125000000e+03
4.360473144531250000e+03
4.350657714843750000e+03
4.321641601562500000e+03
4.309354003906250000e+03
4.293377441406250000e+03
4.260270019531250000e+03
4.264305664062500000e+03
4.259933593750000000e+03
4.226513183593750000e+03
4.231849121093750000e+03
4.223531250000000000e+03
4.185404296875000000e+03
4.193046386718750000e+03
4.177451660156250000e+03
4.195316406250000000e+03
4.151243164062500000e+03
4.165664550781250000e+03
4.130327636718750000e+03
4.111886718750000000e+03
4.139439941406250000e+03
4.106467773437500000e+03
4.113932128906250000e+03
4.081779052734375000e+03
4.096996582031250000e+03
4.056749755859375000e+03
4.088077148437500000e+03
4.058116943359375000e+03
4.040303222656250000e+03
4.044957519531250000e+03
4.029586914062500000e+03
4.039522216796875000e+03
4.004877441406250000e+03
4.003211425781250000e+03
3.997501708984375000e+03
3.985961669921875000e+03
3.988221435546875000e+03
3.996960449218750000e+03
3.964754638671875000e+03
3.973098876953125000e+03
3.947626708984375000e+03
3.945072509765625000e+03
3.944896240234375000e+03
3.936999023437500000e+03
3.931605712890625000e+03
3.926733642578125000e+03
3.909906982421875000e+03
3.926520996093750000e+03
3.928591064453125000e+03
3.901957519531250000e+03
3.909086669921875000e+03
3.898228271484375000e+03
3.895303222656250000e+03
3.892237548828125000e+03
3.898569335937500000e+03
3.865357666015625000e+03
3.887600585937500000e+03
3.871439697265625000e+03
3.874171630859375000e+03
3.864475830078125000e+03
3.849128906250000000e+03
3.852614501953125000e+03
3.853527343750000000e+03
3.832685546875000000e+03
3.839783203125000000e+03
3.855854248046875000e+03
3.847204345703125000e+03
3.834339355468750000e+03
3.821614257812500000e+03
3.818000244140625000e+03
3.813611572265625000e+03
3.811387207031250000e+03
3.806783691406250000e+03
3.798261718750000000e+03
3.816534667968750000e+03
3.799899414062500000e+03
3.798802734375000000e+03
3.798734375000000000e+03
3.793296142578125000e+03
3.782306640625000000e+03
3.784761962890625000e+03
3.789786376953125000e+03
3.778032470703125000e+03
3.773266845703125000e+03
3.769844482421875000e+03
3.761566894531250000e+03
3.764005371093750000e+03
3.770197998046875000e+03
3.764824951171875000e+03
3.762850341796875000e+03
3.760062255859375000e+03
3.758406982421875000e+03
3.745194824218750000e+03
3.747545654296875000e+03
3.753531982421875000e+03
3.744139892578125000e+03
3.743163574218750000e+03
3.742624511718750000e+03
3.743786132812500000e+03
3.740574951171875000e+03
3.750121093750000000e+03
3.730829833984375000e+03
3.741604248046875000e+03
3.730834228515625000e+03
3.735741455078125000e+03
3.723652343750000000e+03
3.733000976562500000e+03
3.730639404296875000e+03
3.718446777343750000e+03
3.727946289062500000e+03
3.720302490234375000e+03
3.716695556640625000e+03
3.715238281250000000e+03
3.716922851562500000e+03
3.705161865234375000e+03
3.708143310546875000e+03
3.706323974609375000e+03
3.701757812500000000e+03
3.702056640625000000e+03
3.700297607421875000e+03
3.704812500000000000e+03
3.703847167968750000e+03
3.695281738281250000e+03
3.698807617187500000e+03
3.696480224609375000e+03
3.696213623046875000e+03
3.684731445312500000e+03
3.695551025390625000e+03
3.684631103515625000e+03
3.703254150390625000e+03
3.684463623046875000e+03
3.679198974609375000e+03
3.686205566406250000e+03
3.679226318359375000e+03
3.679346679687500000e+03
3.680291992187500000e+03
3.690994140625000000e+03
3.685572021484375000e+03
3.682136718750000000e+03
3.691800048828125000e+03
3.692835693359375000e+03
3.678703125000000000e+03
3.683142333984375000e+03
3.682884765625000000e+03
3.686109130859375000e+03
3.675430175781250000e+03
3.684449951171875000e+03
3.668998535156250000e+03
3.682944580078125000e+03
3.674384033203125000e+03
3.664155029296875000e+03
3.677859130859375000e+03
3.669376953125000000e+03
3.675929199218750000e+03
3.670173339843750000e+03
3.677943847656250000e+03
3.667071044921875000e+03
3.680010498046875000e+03
3.673832763671875000e+03
3.674141601562500000e+03
3.668641601562500000e+03
3.669113281250000000e+03
3.669785888671875000e+03
3.672128906250000000e+03
3.658021728515625000e+03
3.665570312500000000e+03
3.667390380859375000e+03
3.673181396484375000e+03
3.662334228515625000e+03
3.663911376953125000e+03
3.667811035156250000e+03
3.672121337890625000e+03
3.669696533203125000e+03
3.664996826171875000e+03
3.662993896484375000e+03
3.665403564453125000e+03
3.663653076171875000e+03
3.653928710937500000e+03
3.662709960937500000e+03
3.662087646484375000e+03
3.661159179687500000e+03
3.659294189453125000e+03
3.659585449218750000e+03
3.664314453125000000e+03
3.672306396484375000e+03
3.665110595703125000e+03
3.671349609375000000e+03
3.664309814453125000e+03
3.665472656250000000e+03
3.666695312500000000e+03
3.662464599609375000e+03
3.665932373046875000e+03
3.665501953125000000e+03
3.664614013671875000e+03
3.667871826171875000e+03
3.666687988281250000e+03
3.664415771484375000e+03
3.667376464843750000e+03
3.659432861328125000e+03
3.676927734375000000e+03
3.661384765625000000e+03
3.668044921875000000e+03
3.668154296875000000e+03
3.666473144531250000e+03
3.672123535156250000e+03
3.667236572265625000e+03
3.662801269531250000e+03
3.660950683593750000e+03
3.665365966796875000e+03
3.670584960937500000e+03
3.666741699218750000e+03
3.663740722656250000e+03
3.673648925781250000e+03
3.667646728515625000e+03
3.667786132812500000e+03
3.663971923828125000e+03
3.676001953125000000e+03
3.671847412109375000e+03
3.669913085937500000e+03
3.672207763671875000e+03
3.661863525390625000e+03
3.663987060546875000e+03
3.673065185546875000e+03
3.673210693359375000e+03
3.672586181640625000e+03
3.668015625000000000e+03
3.677350830078125000e+03
3.668659912109375000e+03
3.667664550781250000e+03
3.670447509765625000e+03
3.672076660156250000e+03
3.669441650390625000e+03
3.671959716796875000e+03
3.671381835937500000e+03
3.676008789062500000e+03
3.674521240234375000e+03
3.671910400390625000e+03
