4.296268750000000000e+04
5.756035546875000000e+04
8.993716406250000000e+04
8.184158593750000000e+04
7.242204687500000000e+04
5.746834375000000000e+04
5.022018359375000000e+04
4.150055078125000000e+04
3.789033593750000000e+04
4.010479687500000000e+04
3.567800781250000000e+04
3.184502539062500000e+04
2.981637500000000000e+04
2.907104492187500000e+04
2.469359179687500000e+04
2.360455664062500000e+04
2.057315234375000000e+04
1.960109960937500000e+04
1.886040429687500000e+04
1.739966015625000000e+04
1.638149414062500000e+04
1.624727246093750000e+04
1.510773632812500000e+04
1.510888671875000000e+04
1.384216503906250000e+04
1.351777636718750000e+04
1.302250292968750000e+04
1.189972460937500000e+04
1.167364941406250000e+04
1.114108300781250000e+04
1.089011523437500000e+04
1.045861718750000000e+04
1.046363281250000000e+04
1.026467968750000000e+04
9.709713867187500000e+03
9.513049804687500000e+03
9.256685546875000000e+03
8.989533203125000000e+03
8.756232421875000000e+03
8.509324218750000000e+03
8.460328125000000000e+03
8.430384765625000000e+03
8.024730957031250000e+03
7.908782714843750000e+03
7.894893066406250000e+03
7.533754882812500000e+03
7.391167480468750000e+03
7.423405273437500000e+03
7.272362304687500000e+03
7.114748535156250000e+03
6.930657226562500000e+03
6.920629394531250000e+03
6.813074707031250000e+03
6.683819335937500000e+03
6.586964843750000000e+03
6.502510253906250000e+03
6.400285644531250000e+03
6.347659667968750000e+03
6.251807617187500000e+03
6.232853515625000000e+03
6.175805664062500000e+03
6.101304687500000000e+03
5.970309570312500000e+03
5.938581054687500000e+03
5.879982421875000000e+03
5.878098632812500000e+03
5.756317382812500000e+03
5.669731445312500000e+03
5.671549316406250000e+03
5.635537109375000000e+03
5.590420410156250000e+03
5.502139160156250000e+03
5.473790527343750000e+03
5.444430175781250000e+03
5.355421875000000000e+03
5.275121582031250000e+03
5.296228515625000000e+03
5.270042968750000000e+03
5.187151855468750000e+03
5.177163085937500000e+03
5.126648437500000000e+03
5.136303710937500000e+03
5.108369628906250000e+03
5.040981445312500000e+03
4.989794921875000000e+03
4.966857421875000000e+03
4.954153320312500000e+03
4.909210937500000000e+03
4.889903808593750000e+03
4.880269042968750000e+03
4.847002441406250000e+03
4.794959472656250000e+03
4.817092773437500000e+03
4.740478027343750000e+03
4.719410156250000000e+03
4.725213378906250000e+03
4.681808593750000000e+03
4.665993164062500000e+03
4.633422851562500000e+03
4.615570800781250000e+03
4.581303222656250000e+03
4.592348144531250000e+03
4.583427246093750000e+03
4.541999511718750000e+03
4.545309570312500000e+03
4.509308593750000000e+03
4.504545410156250000e+03
4.490196777343750000e+03
4.436673339843750000e+03
4.449217773437500000e+03
4.409639160156250000e+03
4.429356445312500000e+03
4.388049804687500000e+03
4.395393554687500000e+03
4.384647949218750000e+03
4.357198242187500000e+03
4.339861816406250000e+03
4.322318359375000000e+03
4.291629882812500000e+03
4.303495117187500000e+03
4.291883789062500000e+03
4.261687988281250000e+03
4.266513183593750000e+03
4.262298339843750000e+03
4.222036132812500000e+03
4.230089355468750000e+03
4.215672363281250000e+03
4.236735839843750000e+03
4.191974121093750000e+03
4.207573730468750000e+03
4.164110351562500000e+03
4.150481445312500000e+03
4.181623535156250000e+03
4.144790039062500000e+03
4.160449707031250000e+03
4.121539062500000000e+03
4.135521972656250000e+03
4.094232910156250000e+03
4.125681640625000000e+03
4.098538574218750000e+03
4.079698242187500000e+03
4.087226074218750000e+03
4.065264160156250000e+03
4.078563476562500000e+03
4.047701171875000000e+03
4.043729492187500000e+03
4.038475585937500000e+03
4.027147705078125000e+03
4.030472412109375000e+03
4.039169433593750000e+03
4.010505859375000000e+03
4.015075927734375000e+03
3.985820556640625000e+03
3.983539062500000000e+03
3.985989501953125000e+03
3.977749511718750000e+03
3.977142822265625000e+03
3.968653320312500000e+03
3.949002685546875000e+03
3.968862548828125000e+03
3.968147705078125000e+03
3.939781738281250000e+03
3.954956298828125000e+03
3.938392089843750000e+03
3.935753906250000000e+03
3.931930664062500000e+03
3.944013916015625000e+03
3.908401367187500000e+03
3.930847656250000000e+03
3.913140136718750000e+03
3.913768798828125000e+03
3.902198974609375000e+03
3.891451904296875000e+03
3.891662353515625000e+03
3.893493408203125000e+03
3.870183105468750000e+03
3.879415771484375000e+03
3.897292724609375000e+03
3.888532958984375000e+03
3.875612304687500000e+03
3.857935546875000000e+03
3.855076416015625000e+03
3.852876953125000000e+03
3.849110351562500000e+03
3.844600585937500000e+03
3.833960205078125000e+03
3.855766845703125000e+03
3.832760253906250000e+03
3.838002197265625000e+03
3.833220458984375000e+03
3.832306640625000000e+03
3.818397216796875000e+03
3.824069335937500000e+03
3.828363525390625000e+03
3.813990234375000000e+03
3.808443603515625000e+03
3.806049316406250000e+03
3.796362792968750000e+03
3.798748779296875000e+03
3.803433593750000000e+03
3.796586181640625000e+03
3.797480712890625000e+03
3.792842773437500000e+03
3.792196777343750000e+03
3.776926269531250000e+03
3.778340820312500000e+03
3.784082519531250000e+03
3.775431640625000000e+03
3.775759765625000000e+03
3.772848144531250000e+03
3.776581787109375000e+03
3.772367919921875000e+03
3.779905761718750000e+03
3.760043945312500000e+03
3.772747314453125000e+03
3.758683349609375000e+03
3.762744873046875000e+03
3.753103027343750000e+03
3.761515380859375000e+03
3.756492187500000000e+03
3.746400390625000000e+03
3.755075439453125000e+03
3.746958740234375000e+03
3.742927978515625000e+03
3.742626220703125000e+03
3.742552490234375000e+03
3.728956298828125000e+03
3.732052246093750000e+03
3.728232421875000000e+03
3.724763671875000000e+03
3.724153564453125000e+03
3.722812988281250000e+03
3.727781250000000000e+03
3.726744140625000000e+03
3.713985839843750000e+03
3.721232666015625000e+03
3.718305908203125000e+03
3.714810546875000000e+03
3.703449707031250000e+03
3.714803466796875000e+03
3.703505371093750000e+03
3.721650146484375000e+03
3.702120849609375000e+03
3.699530029296875000e+03
3.702391601562500000e+03
3.693870117187500000e+03
3.693723144531250000e+03
3.694221923828125000e+03
3.705739013671875000e+03
3.700272460937500000e+03
3.696871826171875000e+03
3.704248046875000000e+03
3.707019775390625000e+03
3.690097900390625000e+03
3.696463378906250000e+03
3.695937500000000000e+03
3.697386230468750000e+03
3.686057128906250000e+03
3.695437744140625000e+03
3.679395996093750000e+03
3.693149658203125000e+03
3.684216064453125000e+03
3.671089111328125000e+03
3.686416259765625000e+03
3.675699218750000000e+03
3.684103271484375000e+03
3.675948486328125000e+03
3.685652343750000000e+03
3.672514892578125000e+03
3.687627197265625000e+03
3.679543212890625000e+03
3.681046630859375000e+03
3.673350830078125000e+03
3.673107910156250000e+03
3.673502197265625000e+03
3.674063964843750000e+03
3.658100097656250000e+03
3.666858886718750000e+03
3.669309570312500000e+03
3.673747070312500000e+03
3.663718017578125000e+03
3.664689941406250000e+03
3.666757812500000000e+03
3.670808349609375000e+03
3.667650146484375000e+03
3.663004882812500000e+03
3.658530761718750000e+03
3.659649414062500000e+03
3.659248046875000000e+03
3.647642578125000000e+03
3.659549804687500000e+03
3.656349853515625000e+03
3.654634765625000000e+03
3.652342529296875000e+03
3.651462890625000000e+03
3.659887451171875000e+03
3.664851806640625000e+03
3.655663330078125000e+03
3.663862304687500000e+03
3.657178955078125000e+03
3.655756347656250000e+03
3.656250000000000000e+03
3.651971435546875000e+03
3.657252197265625000e+03
3.654302001953125000e+03
3.653062988281250000e+03
3.656103759765625000e+03
3.651789062500000000e+03
3.650637695312500000e+03
3.654593017578125000e+03
3.643147460937500000e+03
3.663153076171875000e+03
3.646312988281250000e+03
3.653323486328125000e+03
3.652117431640625000e+03
3.648391601562500000e+03
3.657845458984375000e+03
3.649588378906250000e+03
3.643403808593750000e+03
3.643193359375000000e+03
3.646956298828125000e+03
3.651531738281250000e+03
3.647573974609375000e+03
3.644151855468750000e+03
3.654684326171875000e+03
3.647355957031250000e+03
3.645061523437500000e+03
3.642183105468750000e+03
3.653348388671875000e+03
3.649511474609375000e+03
3.646775390625000000e+03
3.649341796875000000e+03
3.635710449218750000e+03
3.639477050781250000e+03
3.648448730468750000e+03
3.648042236328125000e+03
3.645951416015625000e+03
3.639557617187500000e+03
3.649130371093750000e+03
3.640764648437500000e+03
3.640183837890625000e+03
3.641750732421875000e+03
3.642819091796875000e+03
3.640086181640625000e+03
3.641311035156250000e+03
3.642645751953125000e+03
3.645176269531250000e+03
3.643944335937500000e+03
3.641424560546875000e+03
