4.398004296875000000e+04
6.037357031250000000e+04
9.112586718750000000e+04
8.061765625000000000e+04
7.190158593750000000e+04
5.713033984375000000e+04
5.073727343750000000e+04
4.202014843750000000e+04
3.841579296875000000e+04
3.981998828125000000e+04
3.525644921875000000e+04
3.175717773437500000e+04
2.975826562500000000e+04
2.887055664062500000e+04
2.439996093750000000e+04
2.313623437500000000e+04
2.047523046875000000e+04
1.922725000000000000e+04
1.839793359375000000e+04
1.711123437500000000e+04
1.619156152343750000e+04
1.590040625000000000e+04
1.472664648437500000e+04
1.466622949218750000e+04
1.352292187500000000e+04
1.309562304687500000e+04
1.264633691406250000e+04
1.158334375000000000e+04
1.131766894531250000e+04
1.079177636718750000e+04
1.059345800781250000e+04
1.019784960937500000e+04
1.009806542968750000e+04
9.858599609375000000e+03
9.375677734375000000e+03
9.172179687500000000e+03
8.875241210937500000e+03
8.633957031250000000e+03
8.432213867187500000e+03
8.198889648437500000e+03
8.094657226562500000e+03
7.995418945312500000e+03
7.695776367187500000e+03
7.556801757812500000e+03
7.526218750000000000e+03
7.218505859375000000e+03
7.087071289062500000e+03
7.040034179687500000e+03
6.931031250000000000e+03
6.790060546875000000e+03
6.645331054687500000e+03
6.605262695312500000e+03
6.508617187500000000e+03
6.369793945312500000e+03
6.299259765625000000e+03
6.217738281250000000e+03
6.117151367187500000e+03
6.066936523437500000e+03
5.980181152343750000e+03
5.941207031250000000e+03
5.885423339843750000e+03
5.785564453125000000e+03
5.723181640625000000e+03
5.668926757812500000e+03
5.603988281250000000e+03
5.587445800781250000e+03
5.487668945312500000e+03
5.419910644531250000e+03
5.392345703125000000e+03
5.357356445312500000e+03
5.311759765625000000e+03
5.244069824218750000e+03
5.224567382812500000e+03
5.178583984375000000e+03
5.120618652343750000e+03
5.062083984375000000e+03
5.062988281250000000e+03
5.019497070312500000e+03
4.961319335937500000e+03
4.936234863281250000e+03
4.900742187500000000e+03
4.893309570312500000e+03
4.858646484375000000e+03
4.814263671875000000e+03
4.774600585937500000e+03
4.750393554687500000e+03
4.725817382812500000e+03
4.690971679687500000e+03
4.669650878906250000e+03
4.652893066406250000e+03
4.624031250000000000e+03
4.594698730468750000e+03
4.589729492187500000e+03
4.536095703125000000e+03
4.514365234375000000e+03
4.508529296875000000e+03
4.470708984375000000e+03
4.457150390625000000e+03
4.435357421875000000e+03
4.408339843750000000e+03
4.388873046875000000e+03
4.381385253906250000e+03
4.369551757812500000e+03
4.335123046875000000e+03
4.328787597656250000e+03
4.310164062500000000e+03
4.289664062500000000e+03
4.276905273437500000e+03
4.248591308593750000e+03
4.239716308593750000e+03
4.217895996093750000e+03
4.213727050781250000e+03
4.187410156250000000e+03
4.182500976562500000e+03
4.167992187500000000e+03
4.148527832031250000e+03
4.131314941406250000e+03
4.121377929687500000e+03
4.097259765625000000e+03
4.092694824218750000e+03
4.083591796875000000e+03
4.059842773437500000e+03
4.054832519531250000e+03
4.042944091796875000e+03
4.022463134765625000e+03
4.019593505859375000e+03
4.004886718750000000e+03
4.004468261718750000e+03
3.979828125000000000e+03
3.979990722656250000e+03
3.957020996093750000e+03
3.939888671875000000e+03
3.948865234375000000e+03
3.929778320312500000e+03
3.925095703125000000e+03
3.905417236328125000e+03
3.904824218750000000e+03
3.881263183593750000e+03
3.888496826171875000e+03
3.871350341796875000e+03
3.858780273437500000e+03
3.853446289062500000e+03
3.842500976562500000e+03
3.840438964843750000e+03
3.819548339843750000e+03
3.812573974609375000e+03
3.805904296875000000e+03
3.795289550781250000e+03
3.788282226562500000e+03
3.789330810546875000e+03
3.770085449218750000e+03
3.768481933593750000e+03
3.751689941406250000e+03
3.747018066406250000e+03
3.740405761718750000e+03
3.732436523437500000e+03
3.723675781250000000e+03
3.716974609375000000e+03
3.706185546875000000e+03
3.706117675781250000e+03
3.704073730468750000e+03
3.688432617187500000e+03
3.685665771484375000e+03
3.675383300781250000e+03
3.669543457031250000e+03
3.664366210937500000e+03
3.660711914062500000e+03
3.642463623046875000e+03
3.646304199218750000e+03
3.636507812500000000e+03
3.632353271484375000e+03
3.625000000000000000e+03
3.614667968750000000e+03
3.610219970703125000e+03
3.605416503906250000e+03
3.595070800781250000e+03
3.590812988281250000e+03
3.592707519531250000e+03
3.586417968750000000e+03
3.576014160156250000e+03
3.567693847656250000e+03
3.561517333984375000e+03
3.555291503906250000e+03
3.549569824218750000e+03
3.543154785156250000e+03
3.537177246093750000e+03
3.538311035156250000e+03
3.528959472656250000e+03
3.523576171875000000e+03
3.520008789062500000e+03
3.513281738281250000e+03
3.505082763671875000e+03
3.500507324218750000e+03
3.498764648437500000e+03
3.491009277343750000e+03
3.484865722656250000e+03
3.479326416015625000e+03
3.472340576171875000e+03
3.469535156250000000e+03
3.467838623046875000e+03
3.461553222656250000e+03
3.457053222656250000e+03
3.452320312500000000e+03
3.447446289062500000e+03
3.438946533203125000e+03
3.435813476562500000e+03
3.434131835937500000e+03
3.426818847656250000e+03
3.422505371093750000e+03
3.418412109375000000e+03
3.415160888671875000e+03
3.410033203125000000e+03
3.410041015625000000e+03
3.399095214843750000e+03
3.399865966796875000e+03
3.391830810546875000e+03
3.389747070312500000e+03
3.382272216796875000e+03
3.380104492187500000e+03
3.377040039062500000e+03
3.368875488281250000e+03
3.368332031250000000e+03
3.362082031250000000e+03
3.357132568359375000e+03
3.352979003906250000e+03
3.350634277343750000e+03
3.343267089843750000e+03
3.339832519531250000e+03
3.336137695312500000e+03
3.331180664062500000e+03
3.327794433593750000e+03
3.323450439453125000e+03
3.321384277343750000e+03
3.317704589843750000e+03
3.311541992187500000e+03
3.308975097656250000e+03
3.304499023437500000e+03
3.301626953125000000e+03
3.293992675781250000e+03
3.294541992187500000e+03
3.287600341796875000e+03
3.290076171875000000e+03
3.280117675781250000e+03
3.275213378906250000e+03
3.274855468750000000e+03
3.269018066406250000e+03
3.265684814453125000e+03
3.262968261718750000e+03
3.262761230468750000e+03
3.257922851562500000e+03
3.253405273437500000e+03
3.253303222656250000e+03
3.250294921875000000e+03
3.242552001953125000e+03
3.240910644531250000e+03
3.237907226562500000e+03
3.235476074218750000e+03
3.228657714843750000e+03
3.228746337890625000e+03
3.220540771484375000e+03
3.221843261718750000e+03
3.216103027343750000e+03
3.210204833984375000e+03
3.210589355468750000e+03
3.205484619140625000e+03
3.203774902343750000e+03
3.199509033203125000e+03
3.198090332031250000e+03
3.192104736328125000e+03
3.192714599609375000e+03
3.187920898437500000e+03
3.185081542968750000e+03
3.180583496093750000e+03
3.178540039062500000e+03
3.175097412109375000e+03
3.172972900390625000e+03
3.165503906250000000e+03
3.164946777343750000e+03
3.162385253906250000e+03
3.161349121093750000e+03
3.155067382812500000e+03
3.152758789062500000e+03
3.151167724609375000e+03
3.149202392578125000e+03
3.145949218750000000e+03
3.142071289062500000e+03
3.138261718750000000e+03
3.136236816406250000e+03
3.132558105468750000e+03
3.127122558593750000e+03
3.126494628906250000e+03
3.123987548828125000e+03
3.120513916015625000e+03
3.117524902343750000e+03
3.115159667968750000e+03
3.112973388671875000e+03
3.112694335937500000e+03
3.108232910156250000e+03
3.106511230468750000e+03
3.102234130859375000e+03
3.099679199218750000e+03
3.097580566406250000e+03
3.093669921875000000e+03
3.092182128906250000e+03
3.088996093750000000e+03
3.086038085937500000e+03
3.084433593750000000e+03
3.081872558593750000e+03
3.078121826171875000e+03
3.075915771484375000e+03
3.071666015625000000e+03
3.073761230468750000e+03
3.066480957031250000e+03
3.065962158203125000e+03
3.063500732421875000e+03
3.060502197265625000e+03
3.059056640625000000e+03
3.055682128906250000e+03
3.051943115234375000e+03
3.048582519531250000e+03
3.047197509765625000e+03
3.046270996093750000e+03
3.042365478515625000e+03
3.039476562500000000e+03
3.039498291015625000e+03
3.035441894531250000e+03
3.033284667968750000e+03
3.029694580078125000e+03
3.030136718750000000e+03
3.026428710937500000e+03
3.023778320312500000e+03
3.021934570312500000e+03
3.016912109375000000e+03
3.014783203125000000e+03
3.014857421875000000e+03
3.012357910156250000e+03
3.009803222656250000e+03
3.006717773437500000e+03
3.006550048828125000e+03
3.001841796875000000e+03
2.999068847656250000e+03
2.997469482421875000e+03
2.995588867187500000e+03
2.992586914062500000e+03
2.990878173828125000e+03
2.988482910156250000e+03
2.987158691406250000e+03
2.984475097656250000e+03
2.981595458984375000e+03
