1.791473046875000000e+04
2.545967578125000000e+04
3.795016406250000000e+04
3.350260156250000000e+04
2.968534960937500000e+04
2.333491992187500000e+04
2.062400000000000000e+04
1.689929101562500000e+04
1.534394628906250000e+04
1.590313769531250000e+04
1.391864746093750000e+04
1.244068359375000000e+04
1.159086328125000000e+04
1.119577441406250000e+04
9.281250976562500000e+03
8.730903320312500000e+03
7.612409667968750000e+03
7.056741699218750000e+03
6.701749511718750000e+03
6.157369628906250000e+03
5.775960449218750000e+03
5.638073730468750000e+03
5.137646972656250000e+03
5.107541015625000000e+03
4.622455078125000000e+03
4.433546875000000000e+03
4.242474609375000000e+03
3.800269531250000000e+03
3.680022705078125000e+03
3.463549560546875000e+03
3.374891113281250000e+03
3.212192382812500000e+03
3.163534423828125000e+03
3.057946533203125000e+03
2.856802246093750000e+03
2.768541015625000000e+03
2.642536621093750000e+03
2.542046875000000000e+03
2.457409179687500000e+03
2.359055664062500000e+03
2.313787109375000000e+03
2.265809082031250000e+03
2.146462402343750000e+03
2.085614990234375000e+03
2.069623779296875000e+03
1.945870971679687500e+03
1.892877441406250000e+03
1.866325805664062500e+03
1.821207641601562500e+03
1.762397094726562500e+03
1.706231079101562500e+03
1.686238403320312500e+03
1.645743774414062500e+03
1.589444213867187500e+03
1.560490844726562500e+03
1.525799316406250000e+03
1.485127197265625000e+03
1.462520751953125000e+03
1.426509765625000000e+03
1.408445678710937500e+03
1.386319091796875000e+03
1.344412353515625000e+03
1.320381225585937500e+03
1.296454345703125000e+03
1.269433227539062500e+03
1.261586059570312500e+03
1.222057739257812500e+03
1.195091552734375000e+03
1.182477905273437500e+03
1.167444580078125000e+03
1.148509033203125000e+03
1.122249755859375000e+03
1.113684326171875000e+03
1.093550659179687500e+03
1.071976318359375000e+03
1.048230590820312500e+03
1.047393676757812500e+03
1.029213867187500000e+03
1.006392333984375000e+03
9.953645629882812500e+02
9.809843750000000000e+02
9.772533569335937500e+02
9.630690307617187500e+02
9.461268920898437500e+02
9.302921752929687500e+02
9.208950805664062500e+02
9.097769165039062500e+02
8.959233398437500000e+02
8.868989257812500000e+02
8.799291381835937500e+02
8.683211669921875000e+02
8.574807739257812500e+02
8.539280395507812500e+02
8.336016845703125000e+02
8.249528808593750000e+02
8.216758422851562500e+02
8.070641479492187500e+02
8.011876220703125000e+02
7.926028442382812500e+02
7.821202392578125000e+02
7.741502685546875000e+02
7.701806030273437500e+02
7.655975952148437500e+02
7.523257446289062500e+02
7.490343017578125000e+02
7.424719238281250000e+02
7.338508911132812500e+02
7.284824218750000000e+02
7.181553344726562500e+02
7.137364501953125000e+02
7.058408813476562500e+02
7.027817382812500000e+02
6.933944091796875000e+02
6.907207641601562500e+02
6.847606811523437500e+02
6.775356445312500000e+02
6.704219360351562500e+02
6.668069458007812500e+02
6.577160644531250000e+02
6.553535766601562500e+02
6.515604858398437500e+02
6.426782836914062500e+02
6.400762939453125000e+02
6.351675415039062500e+02
6.281261596679687500e+02
6.263903808593750000e+02
6.206284790039062500e+02
6.194024658203125000e+02
6.109424438476562500e+02
6.101611938476562500e+02
6.018259277343750000e+02
5.951351928710937500e+02
5.977744140625000000e+02
5.910126342773437500e+02
5.885160522460937500e+02
5.815633544921875000e+02
5.806143798828125000e+02
5.721816406250000000e+02
5.738433837890625000e+02
5.677953491210937500e+02
5.631980590820312500e+02
5.605707397460937500e+02
5.567166137695312500e+02
5.553418579101562500e+02
5.478478393554687500e+02
5.449033813476562500e+02
5.424072265625000000e+02
5.383526000976562500e+02
5.351913452148437500e+02
5.353385620117187500e+02
5.285075683593750000e+02
5.275244140625000000e+02
5.214382934570312500e+02
5.196164550781250000e+02
5.168012084960937500e+02
5.138497924804687500e+02
5.102625122070312500e+02
5.076652221679687500e+02
5.038924255371093750e+02
5.031123352050781250e+02
5.022292175292968750e+02
4.967666625976562500e+02
4.953286743164062500e+02
4.914171142578125000e+02
4.890681762695312500e+02
4.871169433593750000e+02
4.853388671875000000e+02
4.790329589843750000e+02
4.799112243652343750e+02
4.764487609863281250e+02
4.746384887695312500e+02
4.720144348144531250e+02
4.683696899414062500e+02
4.663570251464843750e+02
4.643298950195312500e+02
4.609659729003906250e+02
4.589057617187500000e+02
4.591116943359375000e+02
4.569768981933593750e+02
4.531127014160156250e+02
4.502308044433593750e+02
4.478853759765625000e+02
4.454613342285156250e+02
4.432250061035156250e+02
4.407571716308593750e+02
4.387546386718750000e+02
4.385416564941406250e+02
4.354355468750000000e+02
4.332165222167968750e+02
4.318897705078125000e+02
4.293097839355468750e+02
4.264277343750000000e+02
4.244486389160156250e+02
4.236878967285156250e+02
4.209603576660156250e+02
4.187001342773437500e+02
4.165845642089843750e+02
4.140861816406250000e+02
4.129587707519531250e+02
4.121564025878906250e+02
4.097593383789062500e+02
4.080848999023437500e+02
4.063287048339843750e+02
4.044612426757812500e+02
4.015274963378906250e+02
4.002832031250000000e+02
3.994145812988281250e+02
3.968005676269531250e+02
3.951788330078125000e+02
3.936437072753906250e+02
3.923318786621093750e+02
3.903924255371093750e+02
3.901745300292968750e+02
3.864966430664062500e+02
3.865098571777343750e+02
3.836661071777343750e+02
3.827410888671875000e+02
3.802066345214843750e+02
3.790482482910156250e+02
3.780346984863281250e+02
3.751675720214843750e+02
3.747267150878906250e+02
3.725099792480468750e+02
3.707326354980468750e+02
3.692040710449218750e+02
3.683112792968750000e+02
3.657793884277343750e+02
3.643651123046875000e+02
3.630880432128906250e+02
3.612657165527343750e+02
3.600071105957031250e+02
3.584144592285156250e+02
3.574453430175781250e+02
3.561514282226562500e+02
3.540669860839843750e+02
3.529747619628906250e+02
3.513540344238281250e+02
3.502859497070312500e+02
3.476397094726562500e+02
3.476562500000000000e+02
3.452669982910156250e+02
3.458048095703125000e+02
3.424485473632812500e+02
3.407229919433593750e+02
3.404941406250000000e+02
3.384917297363281250e+02
3.372330017089843750e+02
3.361769409179687500e+02
3.358862609863281250e+02
3.342348937988281250e+02
3.325854187011718750e+02
3.323992919921875000e+02
3.312052307128906250e+02
3.286750488281250000e+02
3.279838562011718750e+02
3.268749389648437500e+02
3.259174194335937500e+02
3.235840759277343750e+02
3.234784545898437500e+02
3.207770385742187500e+02
3.209660949707031250e+02
3.190474243164062500e+02
3.171164245605468750e+02
3.168804016113281250e+02
3.152559204101562500e+02
3.144610900878906250e+02
3.130669250488281250e+02
3.123461608886718750e+02
3.103497009277343750e+02
3.103076477050781250e+02
3.087258605957031250e+02
3.076950988769531250e+02
3.061715087890625000e+02
3.054369201660156250e+02
3.041337585449218750e+02
3.033670654296875000e+02
3.008932495117187500e+02
3.005422973632812500e+02
2.995967407226562500e+02
2.991162414550781250e+02
2.970443115234375000e+02
2.961935424804687500e+02
2.955147399902343750e+02
2.946958312988281250e+02
2.936047363281250000e+02
2.923305053710937500e+02
2.910187988281250000e+02
2.902095947265625000e+02
2.889218139648437500e+02
2.871317749023437500e+02
2.867497253417968750e+02
2.858506469726562500e+02
2.846355895996093750e+02
2.836431579589843750e+02
2.827566223144531250e+02
2.818276977539062500e+02
2.815803833007812500e+02
2.802331848144531250e+02
2.794586486816406250e+02
2.780059204101562500e+02
2.771076965332031250e+02
2.763452453613281250e+02
2.750431823730468750e+02
2.744440917968750000e+02
2.732984313964843750e+02
2.722825012207031250e+02
2.716563110351562500e+02
2.708555603027343750e+02
2.694741210937500000e+02
2.686518249511718750e+02
2.672860412597656250e+02
2.677737426757812500e+02
2.653998413085937500e+02
2.651376037597656250e+02
2.642814941406250000e+02
2.632564697265625000e+02
2.625851135253906250e+02
2.615391845703125000e+02
2.602743530273437500e+02
2.590953674316406250e+02
2.585362243652343750e+02
2.581260070800781250e+02
2.568172302246093750e+02
2.558753051757812500e+02
2.557337799072265625e+02
2.544030456542968750e+02
2.536495056152343750e+02
2.524699249267578125e+02
2.524284362792968750e+02
2.511618804931640625e+02
2.502772674560546875e+02
2.496055908203125000e+02
2.480362243652343750e+02
2.472563781738281250e+02
2.471731719970703125e+02
2.462220916748046875e+02
2.453926239013671875e+02
2.444360961914062500e+02
2.442128753662109375e+02
2.426611175537109375e+02
2.416903381347656250e+02
2.411217346191406250e+02
2.404562072753906250e+02
2.394713134765625000e+02
2.388063659667968750e+02
2.379775390625000000e+02
2.374852294921875000e+02
2.365335540771484375e+02
2.356213684082031250e+02
