1.814841015625000000e+04
2.522893359375000000e+04
3.812284765625000000e+04
3.414636328125000000e+04
3.018062890625000000e+04
2.377111718750000000e+04
2.088223437500000000e+04
1.714506054687500000e+04
1.558012207031250000e+04
1.627953613281250000e+04
1.431822363281250000e+04
1.275612597656250000e+04
1.189250390625000000e+04
1.152540136718750000e+04
9.621104492187500000e+03
9.101158203125000000e+03
7.895890136718750000e+03
7.399363769531250000e+03
7.053414550781250000e+03
6.464591796875000000e+03
6.066362792968750000e+03
5.958459472656250000e+03
5.462860839843750000e+03
5.440791503906250000e+03
4.930083007812500000e+03
4.761303222656250000e+03
4.559620605468750000e+03
4.103601074218750000e+03
3.993996337890625000e+03
3.769584960937500000e+03
3.679126464843750000e+03
3.509256347656250000e+03
3.473096435546875000e+03
3.375329589843750000e+03
3.159122070312500000e+03
3.073003417968750000e+03
2.951888183593750000e+03
2.848312988281250000e+03
2.756753662109375000e+03
2.656339843750000000e+03
2.621379394531250000e+03
2.582596191406250000e+03
2.445124267578125000e+03
2.390079833984375000e+03
2.377084716796875000e+03
2.241737304687500000e+03
2.185589111328125000e+03
2.172663085937500000e+03
2.122386474609375000e+03
2.062343505859375000e+03
1.998685668945312500e+03
1.984228515625000000e+03
1.940108520507812500e+03
1.884950195312500000e+03
1.851414916992187500e+03
1.817200439453125000e+03
1.775819824218750000e+03
1.753784179687500000e+03
1.714119995117187500e+03
1.701078002929687500e+03
1.678498413085937500e+03
1.639080688476562500e+03
1.605296752929687500e+03
1.584049316406250000e+03
1.558594116210937500e+03
1.553935058593750000e+03
1.509080078125000000e+03
1.479953125000000000e+03
1.468586303710937500e+03
1.454877319335937500e+03
1.437036987304687500e+03
1.406539184570312500e+03
1.396932617187500000e+03
1.378403564453125000e+03
1.352223388671875000e+03
1.326290893554687500e+03
1.328386230468750000e+03
1.312097045898437500e+03
1.285028808593750000e+03
1.275215576171875000e+03
1.259635498046875000e+03
1.258149780273437500e+03
1.244111694335937500e+03
1.223711914062500000e+03
1.206458007812500000e+03
1.196827026367187500e+03
1.186760742187500000e+03
1.172233520507812500e+03
1.163171508789062500e+03
1.157511108398437500e+03
1.144360351562500000e+03
1.130913452148437500e+03
1.131161621093750000e+03
1.106450317382812500e+03
1.097658325195312500e+03
1.096036376953125000e+03
1.079612548828125000e+03
1.073726806640625000e+03
1.064425415039062500e+03
1.053983276367187500e+03
1.043870483398437500e+03
1.042556396484375000e+03
1.038441284179687500e+03
1.023223022460937500e+03
1.021339172363281250e+03
1.012867126464843750e+03
1.005233764648437500e+03
9.995664672851562500e+02
9.859087524414062500e+02
9.841597290039062500e+02
9.738346557617187500e+02
9.733748168945312500e+02
9.616022949218750000e+02
9.604318237304687500e+02
9.551384277343750000e+02
9.465710449218750000e+02
9.388074951171875000e+02
9.345442504882812500e+02
9.240235595703125000e+02
9.232203979492187500e+02
9.194716796875000000e+02
9.089625244140625000e+02
9.076911010742187500e+02
9.033840332031250000e+02
8.940172119140625000e+02
8.936183471679687500e+02
8.873676757812500000e+02
8.883480224609375000e+02
8.775033569335937500e+02
8.783846435546875000e+02
8.669013061523437500e+02
8.602255249023437500e+02
8.657417602539062500e+02
8.567519531250000000e+02
8.558359375000000000e+02
8.467144165039062500e+02
8.470956420898437500e+02
8.363453979492187500e+02
8.408794555664062500e+02
8.333733520507812500e+02
8.277653198242187500e+02
8.262258300781250000e+02
8.216046142578125000e+02
8.212791137695312500e+02
8.119221801757812500e+02
8.095801391601562500e+02
8.068099975585937500e+02
8.024727783203125000e+02
7.999963989257812500e+02
8.011528320312500000e+02
7.926902465820312500e+02
7.925493164062500000e+02
7.844751586914062500e+02
7.830049438476562500e+02
7.806829223632812500e+02
7.777772827148437500e+02
7.746725463867187500e+02
7.715016479492187500e+02
7.665262451171875000e+02
7.674215698242187500e+02
7.670507202148437500e+02
7.597678222656250000e+02
7.601967163085937500e+02
7.553137817382812500e+02
7.529360351562500000e+02
7.509116821289062500e+02
7.505463256835937500e+02
7.419575805664062500e+02
7.447741088867187500e+02
7.403195190429687500e+02
7.386166992187500000e+02
7.356705322265625000e+02
7.314152832031250000e+02
7.297228393554687500e+02
7.279984130859375000e+02
7.231604614257812500e+02
7.221790161132812500e+02
7.240529174804687500e+02
7.215635375976562500e+02
7.167103271484375000e+02
7.129099121093750000e+02
7.106849975585937500e+02
7.084279174804687500e+02
7.059043579101562500e+02
7.035823364257812500e+02
7.008737182617187500e+02
7.025050659179687500e+02
6.978155517578125000e+02
6.962000732421875000e+02
6.948694458007812500e+02
6.924495239257812500e+02
6.888118896484375000e+02
6.873142700195312500e+02
6.869880981445312500e+02
6.835876464843750000e+02
6.809542846679687500e+02
6.790484008789062500e+02
6.758284912109375000e+02
6.751119384765625000e+02
6.749425659179687500e+02
6.721279907226562500e+02
6.708041381835937500e+02
6.689094848632812500e+02
6.670499877929687500e+02
6.630738525390625000e+02
6.621845092773437500e+02
6.618271484375000000e+02
6.588032836914062500e+02
6.574210815429687500e+02
6.557272949218750000e+02
6.548081054687500000e+02
6.528873291015625000e+02
6.533352050781250000e+02
6.481618652343750000e+02
6.495067138671875000e+02
6.457054443359375000e+02
6.451057128906250000e+02
6.420716552734375000e+02
6.414682006835937500e+02
6.404324340820312500e+02
6.367694702148437500e+02
6.371047973632812500e+02
6.343542480468750000e+02
6.325540161132812500e+02
6.310023193359375000e+02
6.302551269531250000e+02
6.268402099609375000e+02
6.258319702148437500e+02
6.242770996093750000e+02
6.222276611328125000e+02
6.210527343750000000e+02
6.194625244140625000e+02
6.190151367187500000e+02
6.176489257812500000e+02
6.148085327148437500e+02
6.143616943359375000e+02
6.124976806640625000e+02
6.113610839843750000e+02
6.078536376953125000e+02
6.088843994140625000e+02
6.055622558593750000e+02
6.076979370117187500e+02
6.028272094726562500e+02
6.010876464843750000e+02
6.010830688476562500e+02
5.985684814453125000e+02
5.973286743164062500e+02
5.963601074218750000e+02
5.970541381835937500e+02
5.949854125976562500e+02
5.931748657226562500e+02
5.937384643554687500e+02
5.927003173828125000e+02
5.890202636718750000e+02
5.887606201171875000e+02
5.877670288085937500e+02
5.869537353515625000e+02
5.837590332031250000e+02
5.844281616210937500e+02
5.805088500976562500e+02
5.818110961914062500e+02
5.792886352539062500e+02
5.764494018554687500e+02
5.772509765625000000e+02
5.749826049804687500e+02
5.747432861328125000e+02
5.728857421875000000e+02
5.728773803710937500e+02
5.698713989257812500e+02
5.710742187500000000e+02
5.688875732421875000e+02
5.680401611328125000e+02
5.659457397460937500e+02
5.653164062500000000e+02
5.639284057617187500e+02
5.633322143554687500e+02
5.595117797851562500e+02
5.599168701171875000e+02
5.591725463867187500e+02
5.590452880859375000e+02
5.562697753906250000e+02
5.555118408203125000e+02
5.549815673828125000e+02
5.544241943359375000e+02
5.532438354492187500e+02
5.516112060546875000e+02
5.499716186523437500e+02
5.492645874023437500e+02
5.479358520507812500e+02
5.452395629882812500e+02
5.456519775390625000e+02
5.445740966796875000e+02
5.432324218750000000e+02
5.421441040039062500e+02
5.412078247070312500e+02
5.407469482421875000e+02
5.408365478515625000e+02
5.390186767578125000e+02
5.387167968750000000e+02
5.366936645507812500e+02
5.357109985351562500e+02
5.350648193359375000e+02
5.334254150390625000e+02
5.332114868164062500e+02
5.317528076171875000e+02
5.306416015625000000e+02
5.302819824218750000e+02
5.292411499023437500e+02
5.276532592773437500e+02
5.270274047851562500e+02
5.248673095703125000e+02
5.269147949218750000e+02
5.230500488281250000e+02
5.233938598632812500e+02
5.224346923828125000e+02
5.211250000000000000e+02
5.210143432617187500e+02
5.194058227539062500e+02
5.176676025390625000e+02
5.163662719726562500e+02
5.160584716796875000e+02
5.160230712890625000e+02
5.143218994140625000e+02
5.131217651367187500e+02
5.137438964843750000e+02
5.117992858886718750e+02
5.109306335449218750e+02
5.094855957031250000e+02
5.102371826171875000e+02
5.085982055664062500e+02
5.074671325683593750e+02
5.069542236328125000e+02
5.043903503417968750e+02
5.037806396484375000e+02
5.044079284667968750e+02
5.032780456542968750e+02
5.023169250488281250e+02
5.009206237792968750e+02
5.013793640136718750e+02
4.990852050781250000e+02
4.979734497070312500e+02
4.974878234863281250e+02
4.968922119140625000e+02
4.956792907714843750e+02
4.950480651855468750e+02
4.942168273925781250e+02
4.938866577148437500e+02
4.927594604492187500e+02
4.916286315917968750e+02
