1.785891015625000000e+04
2.558014843750000000e+04
3.823781250000000000e+04
3.361052734375000000e+04
2.989577343750000000e+04
2.363194335937500000e+04
2.082083398437500000e+04
1.709569335937500000e+04
1.554124609375000000e+04
1.614998046875000000e+04
1.423569726562500000e+04
1.270916699218750000e+04
1.182090332031250000e+04
1.144343652343750000e+04
9.556680664062500000e+03
9.026514648437500000e+03
7.866112304687500000e+03
7.365812500000000000e+03
7.004075683593750000e+03
6.447582031250000000e+03
6.039488769531250000e+03
5.928135742187500000e+03
5.432122070312500000e+03
5.402805175781250000e+03
4.917276855468750000e+03
4.744116210937500000e+03
4.549244628906250000e+03
4.090971923828125000e+03
3.983324707031250000e+03
3.751321289062500000e+03
3.672229980468750000e+03
3.498467529296875000e+03
3.459275878906250000e+03
3.361895751953125000e+03
3.153510253906250000e+03
3.069952392578125000e+03
2.942944335937500000e+03
2.840082519531250000e+03
2.752979980468750000e+03
2.654153564453125000e+03
2.611475097656250000e+03
2.574240966796875000e+03
2.440987304687500000e+03
2.383517578125000000e+03
2.373441894531250000e+03
2.238196533203125000e+03
2.179031494140625000e+03
2.166331542968750000e+03
2.119534667968750000e+03
2.059499511718750000e+03
1.994216308593750000e+03
1.980291015625000000e+03
1.938605346679687500e+03
1.878381835937500000e+03
1.847546142578125000e+03
1.814062011718750000e+03
1.770090576171875000e+03
1.750732177734375000e+03
1.712853881835937500e+03
1.698915527343750000e+03
1.673500122070312500e+03
1.632180053710937500e+03
1.603807495117187500e+03
1.581487915039062500e+03
1.554428833007812500e+03
1.548521484375000000e+03
1.504558105468750000e+03
1.474975952148437500e+03
1.463283569335937500e+03
1.449462036132812500e+03
1.430722290039062500e+03
1.400042480468750000e+03
1.392832031250000000e+03
1.373536743164062500e+03
1.347210571289062500e+03
1.322369873046875000e+03
1.323813232421875000e+03
1.306178955078125000e+03
1.280045654296875000e+03
1.269935058593750000e+03
1.254935791015625000e+03
1.252312500000000000e+03
1.237719970703125000e+03
1.217803100585937500e+03
1.200630737304687500e+03
1.190153198242187500e+03
1.180456909179687500e+03
1.165811767578125000e+03
1.157093872070312500e+03
1.150606689453125000e+03
1.138094360351562500e+03
1.124931030273437500e+03
1.124248657226562500e+03
1.100150146484375000e+03
1.091045898437500000e+03
1.089661865234375000e+03
1.072630249023437500e+03
1.067269653320312500e+03
1.058068969726562500e+03
1.046189819335937500e+03
1.038331298828125000e+03
1.036067504882812500e+03
1.030908325195312500e+03
1.015747802734375000e+03
1.013965820312500000e+03
1.005679626464843750e+03
9.974018554687500000e+02
9.919557495117187500e+02
9.791879272460937500e+02
9.764628295898437500e+02
9.669546508789062500e+02
9.661173706054687500e+02
9.542748413085937500e+02
9.527460937500000000e+02
9.470808105468750000e+02
9.385505981445312500e+02
9.314910278320312500e+02
9.273024291992187500e+02
9.165139770507812500e+02
9.151708374023437500e+02
9.119425659179687500e+02
9.014089355468750000e+02
8.999835815429687500e+02
8.951311035156250000e+02
8.859454956054687500e+02
8.853210449218750000e+02
8.792023315429687500e+02
8.799461059570312500e+02
8.689594726562500000e+02
8.696842041015625000e+02
8.594351806640625000e+02
8.520546264648437500e+02
8.572258300781250000e+02
8.485920410156250000e+02
8.471978149414062500e+02
8.384545898437500000e+02
8.391676635742187500e+02
8.282830200195312500e+02
8.329391479492187500e+02
8.250833129882812500e+02
8.196714477539062500e+02
8.179277343750000000e+02
8.136550903320312500e+02
8.132673339843750000e+02
8.037058105468750000e+02
8.012503662109375000e+02
7.986725463867187500e+02
7.942747802734375000e+02
7.918111572265625000e+02
7.928493652343750000e+02
7.840968627929687500e+02
7.842863159179687500e+02
7.767001342773437500e+02
7.750842285156250000e+02
7.726680297851562500e+02
7.695405273437500000e+02
7.660053100585937500e+02
7.633851928710937500e+02
7.587922363281250000e+02
7.594890747070312500e+02
7.592566528320312500e+02
7.521298828125000000e+02
7.516915893554687500e+02
7.473460693359375000e+02
7.450009155273437500e+02
7.431605834960937500e+02
7.422447509765625000e+02
7.337932739257812500e+02
7.366481933593750000e+02
7.323560791015625000e+02
7.309964599609375000e+02
7.280560913085937500e+02
7.235537719726562500e+02
7.221140136718750000e+02
7.203942260742187500e+02
7.158596801757812500e+02
7.145986328125000000e+02
7.163269653320312500e+02
7.138817138671875000e+02
7.091514892578125000e+02
7.057352905273437500e+02
7.034238281250000000e+02
7.009198608398437500e+02
6.987014770507812500e+02
6.962295532226562500e+02
6.938810424804687500e+02
6.951976928710937500e+02
6.911648559570312500e+02
6.889807739257812500e+02
6.880401000976562500e+02
6.852881469726562500e+02
6.817910766601562500e+02
6.801633911132812500e+02
6.800401611328125000e+02
6.767320556640625000e+02
6.743244628906250000e+02
6.721686401367187500e+02
6.692375488281250000e+02
6.685384521484375000e+02
6.684967651367187500e+02
6.658282470703125000e+02
6.642545166015625000e+02
6.624862060546875000e+02
6.606503295898437500e+02
6.569092407226562500e+02
6.560864868164062500e+02
6.558252563476562500e+02
6.527316284179687500e+02
6.512338256835937500e+02
6.498336791992187500e+02
6.487972412109375000e+02
6.468113403320312500e+02
6.475440673828125000e+02
6.424923706054687500e+02
6.436012573242187500e+02
6.401076660156250000e+02
6.396496582031250000e+02
6.364141235351562500e+02
6.360043334960937500e+02
6.350933227539062500e+02
6.313594360351562500e+02
6.318330078125000000e+02
6.291958007812500000e+02
6.273448486328125000e+02
6.258146362304687500e+02
6.252412109375000000e+02
6.219913330078125000e+02
6.209249267578125000e+02
6.196677246093750000e+02
6.175836791992187500e+02
6.164981079101562500e+02
6.149088745117187500e+02
6.143931274414062500e+02
6.131657714843750000e+02
6.106253051757812500e+02
6.098950195312500000e+02
6.082254638671875000e+02
6.072908325195312500e+02
6.038232421875000000e+02
6.048233642578125000e+02
6.016529541015625000e+02
6.037973022460937500e+02
5.990558471679687500e+02
5.970479125976562500e+02
5.975141601562500000e+02
5.950989990234375000e+02
5.939466552734375000e+02
5.930520629882812500e+02
5.937072143554687500e+02
5.917329711914062500e+02
5.898961181640625000e+02
5.906389770507812500e+02
5.895268554687500000e+02
5.860672607421875000e+02
5.857584838867187500e+02
5.847709960937500000e+02
5.841604614257812500e+02
5.810452880859375000e+02
5.817517089843750000e+02
5.779129028320312500e+02
5.792731933593750000e+02
5.768262329101562500e+02
5.742136230468750000e+02
5.749844360351562500e+02
5.728602905273437500e+02
5.725780639648437500e+02
5.709161987304687500e+02
5.707983398437500000e+02
5.680203857421875000e+02
5.690432739257812500e+02
5.670486450195312500e+02
5.661571044921875000e+02
5.642935791015625000e+02
5.637111816406250000e+02
5.624149780273437500e+02
5.619776000976562500e+02
5.584083862304687500e+02
5.587016601562500000e+02
5.579667968750000000e+02
5.580277709960937500e+02
5.551378784179687500e+02
5.544854125976562500e+02
5.541325683593750000e+02
5.536288452148437500e+02
5.525055541992187500e+02
5.509439697265625000e+02
5.495122680664062500e+02
5.489345092773437500e+02
5.475415649414062500e+02
5.450319824218750000e+02
5.453244628906250000e+02
5.444375610351562500e+02
5.431792602539062500e+02
5.421511840820312500e+02
5.413063354492187500e+02
5.406412353515625000e+02
5.410538330078125000e+02
5.393587036132812500e+02
5.389863891601562500e+02
5.369876098632812500e+02
5.362199707031250000e+02
5.356218872070312500e+02
5.340369262695312500e+02
5.337332763671875000e+02
5.325241699218750000e+02
5.314882202148437500e+02
5.311591796875000000e+02
5.304076538085937500e+02
5.287286376953125000e+02
5.281289672851562500e+02
5.262098999023437500e+02
5.281287231445312500e+02
5.244396972656250000e+02
5.247604370117187500e+02
5.239604492187500000e+02
5.228269042968750000e+02
5.224943847656250000e+02
5.211894531250000000e+02
5.195780639648437500e+02
5.181874389648437500e+02
5.179837036132812500e+02
5.179970092773437500e+02
5.163693237304687500e+02
5.152497558593750000e+02
5.158791503906250000e+02
5.140908203125000000e+02
5.133815307617187500e+02
5.119185791015625000e+02
5.127769775390625000e+02
5.111280822753906250e+02
5.101335144042968750e+02
5.096371459960937500e+02
5.073070678710937500e+02
5.066434326171875000e+02
5.073194885253906250e+02
5.062555847167968750e+02
5.054381408691406250e+02
5.042246704101562500e+02
5.046807556152343750e+02
5.023837890625000000e+02
5.012632141113281250e+02
5.009325866699218750e+02
5.004123840332031250e+02
4.992261962890625000e+02
4.987047729492187500e+02
4.978034362792968750e+02
4.976829528808593750e+02
4.965354614257812500e+02
4.954631958007812500e+02
