5.129130823271614917e-03 1.180384082031250000e+04
9.856768556803303244e-03 2.821880273437500000e+04
1.571757148517011551e-02 3.509946093750000000e+04
2.113772737235002086e-02 2.868878320312500000e+04
2.696732192358382296e-02 2.316232812500000000e+04
3.315308843310124653e-02 2.301601562500000000e+04
3.907680414981765105e-02 1.803968359375000000e+04
4.477669802915323211e-02 1.651448632812500000e+04
5.092129514262907358e-02 1.410825976562500000e+04
5.696741509388951463e-02 1.246938671875000000e+04
6.286740569512880294e-02 1.124199316406250000e+04
6.873572640137609602e-02 1.077046484375000000e+04
7.471710011150912989e-02 1.077387890625000000e+04
8.083793947513633060e-02 9.691651367187500000e+03
8.687321419073271156e-02 8.842568359375000000e+03
9.272975651191034396e-02 8.337407226562500000e+03
9.864911871407776311e-02 7.075087402343750000e+03
1.046865584017382667e-01 6.527126464843750000e+03
1.108413091315034460e-01 6.295626464843750000e+03
1.169232998062204182e-01 5.695806152343750000e+03
1.229066155747455119e-01 5.424819335937500000e+03
1.288847621494034756e-01 5.150587890625000000e+03
1.348471800724285741e-01 5.227491699218750000e+03
1.407520414167345857e-01 4.881844726562500000e+03
1.467475034993937222e-01 4.627002929687500000e+03
1.528125286903445346e-01 4.329976562500000000e+03
1.588750964215515649e-01 4.049771240234375000e+03
1.648689509171508139e-01 3.705524169921875000e+03
1.707735352532093187e-01 3.544718017578125000e+03
1.767906173976985795e-01 3.425354003906250000e+03
1.827626396242018614e-01 3.353051269531250000e+03
1.887509586246336468e-01 3.153808349609375000e+03
1.948061456274459979e-01 3.093799804687500000e+03
2.007495033793446904e-01 2.946911621093750000e+03
2.067035647147748845e-01 2.890795410156250000e+03
2.126900672588861452e-01 2.804780029296875000e+03
2.186725070746759203e-01 2.713722900390625000e+03
2.246796463621880124e-01 2.609570556640625000e+03
2.306905186235441996e-01 2.504256347656250000e+03
2.367204453920560836e-01 2.398640136718750000e+03
2.427039610264450642e-01 2.324853271484375000e+03
2.487128925403929436e-01 2.230779052734375000e+03
2.547830368764706921e-01 2.249089111328125000e+03
2.607470494223215196e-01 2.169426269531250000e+03
2.667096553707246631e-01 2.070570800781250000e+03
2.726947296536640919e-01 2.035805664062500000e+03
2.786586794788881716e-01 2.000049316406250000e+03
2.846757043784143848e-01 1.957296386718750000e+03
2.906416185992912737e-01 1.886188354492187500e+03
2.966488767915461677e-01 1.855331787109375000e+03
3.026169444162547517e-01 1.819918945312500000e+03
3.085607062641346210e-01 1.736833129882812500e+03
3.145916029390481983e-01 1.737804077148437500e+03
3.205878167628886111e-01 1.681560791015625000e+03
3.265837308769138914e-01 1.655034179687500000e+03
3.325379485959745751e-01 1.604173339843750000e+03
3.385723885854693416e-01 1.596730712890625000e+03
3.446081453978775966e-01 1.562735595703125000e+03
3.505390348732474459e-01 1.527918090820312500e+03
3.565525170154597023e-01 1.508334228515625000e+03
3.625777260883406572e-01 1.482629516601562500e+03
3.685609079253545084e-01 1.462298828125000000e+03
3.745385399488749822e-01 1.418188232421875000e+03
3.805185580979314475e-01 1.404368774414062500e+03
3.865264183826531696e-01 1.387289428710937500e+03
3.925056419467888302e-01 1.360919921875000000e+03
3.984845375125231626e-01 1.339583862304687500e+03
4.045127756185919465e-01 1.300511352539062500e+03
4.105306215691947314e-01 1.293812500000000000e+03
4.165543549036467841e-01 1.281318847656250000e+03
4.225191791841557132e-01 1.264519653320312500e+03
4.284576613546450252e-01 1.248421264648437500e+03
4.344513195681397044e-01 1.222042724609375000e+03
4.404721488079808012e-01 1.210968505859375000e+03
4.464506015854050602e-01 1.186048339843750000e+03
4.524051105994733035e-01 1.180967651367187500e+03
4.584116573482002743e-01 1.173982543945312500e+03
4.644300422276226858e-01 1.153599365234375000e+03
4.704211762489556303e-01 1.142826538085937500e+03
4.764063034199368385e-01 1.122916259765625000e+03
4.824210448320347955e-01 1.110325439453125000e+03
4.884181098448540093e-01 1.090816772460937500e+03
4.943839001541609490e-01 1.089241943359375000e+03
5.003883438282681340e-01 1.077789550781250000e+03
5.063990515049398011e-01 1.066119750976562500e+03
5.123809543795261323e-01 1.062744995117187500e+03
5.183768819321917798e-01 1.040437255859375000e+03
5.243928906055597139e-01 1.033512573242187500e+03
5.303723017532896433e-01 1.009645324707031250e+03
5.363389989045567185e-01 1.002017761230468750e+03
5.423164967090381428e-01 9.968721923828125000e+02
5.482941619590935289e-01 9.870086059570312500e+02
5.542864366005254562e-01 9.755261840820312500e+02
5.603079108672868180e-01 9.738849487304687500e+02
5.663156307122013677e-01 9.584075927734375000e+02
5.722943345187333497e-01 9.514558715820312500e+02
5.782938982090540803e-01 9.442924194335937500e+02
5.842962841138931163e-01 9.335004272460937500e+02
5.902901351977036803e-01 9.314251708984375000e+02
5.962743648131465513e-01 9.120110473632812500e+02
6.022801529724930436e-01 9.123364257812500000e+02
6.082614963812057463e-01 9.028096313476562500e+02
6.142340552702457712e-01 9.053332519531250000e+02
6.202432805216550049e-01 8.893708496093750000e+02
6.262286824781635453e-01 8.894041137695312500e+02
6.322115229369795752e-01 8.779413452148437500e+02
6.382051904782024554e-01 8.699500122070312500e+02
6.441957776717288642e-01 8.630364379882812500e+02
6.502025299864480079e-01 8.609627685546875000e+02
6.562132463842383912e-01 8.585223388671875000e+02
6.622092207616135928e-01 8.437695922851562500e+02
6.681759171559549237e-01 8.428206176757812500e+02
6.741368691992833950e-01 8.427923583984375000e+02
6.801351390697540911e-01 8.276478271484375000e+02
6.861607543969520107e-01 8.260262451171875000e+02
6.921790429761539576e-01 8.176058959960937500e+02
6.981420171191576873e-01 8.145996704101562500e+02
7.041211345007257760e-01 8.105056152343750000e+02
7.101424020179437635e-01 8.057641601562500000e+02
7.161415582812278302e-01 7.954509277343750000e+02
7.221240834162573341e-01 7.934888305664062500e+02
7.281127215857966517e-01 7.905438842773437500e+02
7.340938477969723985e-01 7.887083129882812500e+02
7.400858514890712447e-01 7.757456054687500000e+02
7.460864552045123332e-01 7.756082153320312500e+02
7.520793681680192355e-01 7.703549194335937500e+02
7.580769557766938727e-01 7.679240722656250000e+02
7.640758438044785716e-01 7.661102905273437500e+02
7.700537761044762286e-01 7.568472900390625000e+02
7.760305347565021883e-01 7.512271118164062500e+02
7.820305544193562053e-01 7.548187255859375000e+02
7.879976037665339383e-01 7.424752807617187500e+02
7.939894383228259800e-01 7.418447265625000000e+02
8.000039669798494346e-01 7.402419433593750000e+02
8.060118558373466913e-01 7.347376098632812500e+02
8.120116338643762477e-01 7.366656494140625000e+02
8.179953403040580717e-01 7.304486694335937500e+02
8.239910287043902271e-01 7.201030273437500000e+02
8.299640377672672376e-01 7.242828979492187500e+02
8.359595519359651616e-01 7.166716308593750000e+02
8.419546267316855293e-01 7.140987548828125000e+02
8.479377556431461072e-01 7.122100219726562500e+02
8.539409189885571738e-01 7.087172851562500000e+02
8.599542100178633186e-01 7.063662719726562500e+02
8.659442979497401494e-01 7.006125488281250000e+02
8.719240355556164834e-01 7.002448730468750000e+02
8.779198453412127012e-01 6.958149414062500000e+02
8.839136183721879592e-01 6.918198852539062500e+02
8.898924098158060847e-01 6.882044677734375000e+02
8.958643195706044171e-01 6.863897094726562500e+02
9.018748646711721717e-01 6.844846801757812500e+02
9.078978400664554638e-01 6.770861206054687500e+02
9.138901281687329403e-01 6.798325195312500000e+02
9.198624831168585869e-01 6.751920776367187500e+02
9.258485398339196815e-01 6.705870971679687500e+02
9.318486410662156771e-01 6.671072998046875000e+02
9.378429671767994913e-01 6.674807128906250000e+02
9.438331728780446905e-01 6.649802856445312500e+02
9.498305044369160788e-01 6.596428222656250000e+02
9.558277698778481213e-01 6.598050537109375000e+02
9.618168876573844894e-01 6.557050781250000000e+02
9.677985103818236290e-01 6.553596801757812500e+02
9.737890273498233107e-01 6.547532958984375000e+02
9.798024771210801509e-01 6.485041503906250000e+02
9.858035844229680045e-01 6.451771240234375000e+02
9.917789642501841918e-01 6.471123046875000000e+02
9.977563178888456674e-01 6.421207275390625000e+02
1.003740858655542079e+00 6.401954345703125000e+02
1.009731253251847205e+00 6.381223754882812500e+02
1.015734159776836565e+00 6.339269409179687500e+02
1.021737238250188584e+00 6.325314941406250000e+02
1.027719403697568756e+00 6.308828125000000000e+02
1.033719857163759803e+00 6.293972778320312500e+02
1.039719197154940211e+00 6.263412475585937500e+02
1.045698648526614871e+00 6.242570190429687500e+02
1.051702015321674732e+00 6.211801757812500000e+02
1.057695157539450204e+00 6.180698242187500000e+02
1.063677724564501270e+00 6.163426513671875000e+02
1.069675795795408613e+00 6.173306274414062500e+02
1.075674120514419574e+00 6.160079345703125000e+02
1.081671947769326403e+00 6.129568481445312500e+02
1.087656655111513437e+00 6.101766967773437500e+02
1.093639641443241217e+00 6.097438354492187500e+02
1.099622505254377547e+00 6.077714233398437500e+02
1.105603958398011510e+00 6.053977661132812500e+02
1.111614157488678645e+00 6.017011718750000000e+02
1.117624450627874300e+00 6.023448486328125000e+02
1.123619448549652011e+00 5.982156982421875000e+02
1.129604396928908461e+00 5.998775024414062500e+02
1.135596556635883436e+00 5.929115600585937500e+02
1.141602633261843414e+00 5.945038452148437500e+02
1.147581563736899124e+00 5.903615112304687500e+02
1.153564724951772202e+00 5.917730712890625000e+02
1.159572072635185025e+00 5.888888549804687500e+02
1.165567784194131207e+00 5.886218261718750000e+02
1.171550200638367123e+00 5.873883056640625000e+02
1.177528414495107256e+00 5.828502807617187500e+02
1.183517988261566067e+00 5.811484985351562500e+02
1.189524463894155115e+00 5.825263671875000000e+02
1.195529477830305387e+00 5.796506347656250000e+02
1.201507935188927068e+00 5.773457641601562500e+02
1.207484264327602697e+00 5.762687377929687500e+02
1.213489239680619391e+00 5.744342651367187500e+02
1.219496488506969456e+00 5.740024414062500000e+02
1.225476862681692758e+00 5.719002075195312500e+02
1.231463063284364168e+00 5.686853027343750000e+02
1.237471681029653992e+00 5.695670776367187500e+02
1.243466117205501709e+00 5.675178222656250000e+02
1.249453835986715555e+00 5.643085327148437500e+02
1.255459563752945318e+00 5.641613769531250000e+02
1.261443678438928684e+00 5.614989624023437500e+02
1.267419189221073328e+00 5.625950927734375000e+02
1.273421584376911664e+00 5.604500122070312500e+02
1.279418244161104390e+00 5.574736328125000000e+02
1.285415537041882938e+00 5.557051391601562500e+02
1.291403822319522998e+00 5.559035644531250000e+02
1.297378645743485936e+00 5.569839477539062500e+02
1.303374097369431661e+00 5.518048706054687500e+02
1.309371363533620380e+00 5.509417724609375000e+02
1.315369803963035489e+00 5.527752685546875000e+02
1.321360700023533008e+00 5.492770996093750000e+02
1.327352150504362172e+00 5.481134033203125000e+02
1.333351479854227639e+00 5.467141723632812500e+02
1.339331077604843490e+00 5.448170166015625000e+02
1.345316730631358260e+00 5.423233642578125000e+02
1.351317277026995667e+00 5.434684448242187500e+02
1.357316804444869573e+00 5.412324218750000000e+02
1.363304380391814563e+00 5.411178588867187500e+02
1.369302322155761642e+00 5.384343872070312500e+02
1.375306398694642551e+00 5.384694213867187500e+02
1.381286409514163038e+00 5.349501953125000000e+02
1.387282565143284518e+00 5.363624877929687500e+02
1.393272255296212903e+00 5.340602416992187500e+02
1.399237469577294002e+00 5.322349853515625000e+02
1.405245100600288177e+00 5.304794311523437500e+02
1.411260326322122394e+00 5.302801513671875000e+02
1.417240953814912441e+00 5.272362670898437500e+02
1.423235616212465748e+00 5.296870727539062500e+02
1.429238743903239017e+00 5.270194091796875000e+02
1.435224051244619270e+00 5.263511352539062500e+02
1.441204617692010803e+00 5.249484863281250000e+02
1.447203527814554525e+00 5.230698242187500000e+02
1.453204648670345600e+00 5.217786254882812500e+02
1.459202156787017257e+00 5.228015747070312500e+02
1.465183020979535566e+00 5.191651611328125000e+02
1.471171019186503504e+00 5.190380859375000000e+02
1.477178776409281191e+00 5.187308349609375000e+02
1.483155992160086312e+00 5.169547119140625000e+02
1.489139808027411194e+00 5.153827514648437500e+02
1.495145557926077284e+00 5.149272460937500000e+02
1.501145887630951803e+00 5.135843505859375000e+02
1.507129147675635439e+00 5.121802368164062500e+02
1.513115331168431332e+00 5.103473815917968750e+02
1.519109023911259237e+00 5.105082702636718750e+02
1.525110845145124072e+00 5.088916931152343750e+02
1.531110462403911354e+00 5.065440063476562500e+02
1.537098062074197191e+00 5.083855285644531250e+02
1.543083691080597175e+00 5.052666931152343750e+02
1.549073374242399437e+00 5.045254516601562500e+02
1.555066134421707824e+00 5.036570434570312500e+02
1.561065000292003901e+00 5.039754943847656250e+02
1.567053250444098600e+00 5.029277343750000000e+02
1.573041965836766476e+00 5.018627014160156250e+02
1.579040252365414565e+00 4.999508056640625000e+02
1.585036784503224272e+00 5.006285400390625000e+02
1.591044174333190675e+00 4.992419738769531250e+02
1.597034953592344042e+00 4.976027221679687500e+02
1.603015385057011022e+00 4.976527709960937500e+02
1.609003770799181554e+00 4.963489685058593750e+02
1.614992147333569994e+00 4.948640136718750000e+02
1.620989037802966326e+00 4.955432434082031250e+02
1.626984090643423864e+00 4.929103698730468750e+02
1.632977147131584594e+00 4.917293701171875000e+02
1.638972963343700018e+00 4.922038879394531250e+02
1.644953259634027054e+00 4.913073120117187500e+02
1.650949266531469339e+00 4.917991027832031250e+02
1.656942750447845114e+00 4.888733215332031250e+02
1.662932082119813249e+00 4.881215515136718750e+02
1.668926741278742520e+00 4.872283020019531250e+02
1.674903284871747777e+00 4.858984375000000000e+02
1.680908968645903556e+00 4.844731750488281250e+02
1.686914478522218097e+00 4.830954284667968750e+02
1.692901190277990908e+00 4.839862976074218750e+02
1.698900236807986186e+00 4.825124816894531250e+02
1.704885520312432234e+00 4.818157043457031250e+02
1.710880506425308312e+00 4.800754394531250000e+02
1.716872630579814984e+00 4.788415222167968750e+02
1.722864577270372122e+00 4.784030456542968750e+02
1.728860614577005350e+00 4.783966979980468750e+02
1.734839642148249261e+00 4.775221557617187500e+02
1.740838591736547425e+00 4.753854675292968750e+02
1.746838062493035748e+00 4.757347717285156250e+02
1.752825741361621503e+00 4.758012084960937500e+02
1.758822186114639585e+00 4.736999511718750000e+02
1.764816138474709195e+00 4.731964416503906250e+02
1.770800460188342473e+00 4.723264160156250000e+02
1.776792644169273405e+00 4.713651733398437500e+02
1.782786312195657308e+00 4.712370910644531250e+02
1.788776054391426396e+00 4.705408325195312500e+02
1.794772578505125171e+00 4.694343261718750000e+02
1.800765573162654842e+00 4.690211791992187500e+02
1.806756949262000367e+00 4.668283996582031250e+02
1.812758316870585862e+00 4.661322021484375000e+02
1.818742093283337136e+00 4.662386779785156250e+02
1.824727468262052676e+00 4.656703186035156250e+02
1.830725609818966593e+00 4.647352905273437500e+02
1.836725216113908932e+00 4.626535644531250000e+02
1.842718033871140637e+00 4.633522338867187500e+02
1.848703422886741832e+00 4.613048706054687500e+02
1.854696369350355978e+00 4.615040283203125000e+02
1.860682940079055658e+00 4.606755676269531250e+02
1.866683197007659167e+00 4.600258483886718750e+02
1.872682197405861393e+00 4.592478332519531250e+02
1.878672949272406134e+00 4.585149230957031250e+02
1.884674932603263464e+00 4.579020996093750000e+02
1.890664788376863470e+00 4.558858032226562500e+02
1.896637838856819247e+00 4.551283264160156250e+02
1.902622370572990995e+00 4.560530090332031250e+02
1.908627672584765955e+00 4.551968383789062500e+02
1.914633273252842161e+00 4.545383300781250000e+02
1.920623395468008088e+00 4.520911560058593750e+02
1.926613019483300882e+00 4.533450012207031250e+02
1.932608907837795487e+00 4.514924926757812500e+02
1.938596140329180040e+00 4.518901977539062500e+02
1.944584969676260711e+00 4.494173583984375000e+02
1.950581264003886206e+00 4.495865478515625000e+02
1.956574580512360662e+00 4.493598632812500000e+02
1.962569555524740439e+00 4.497984313964843750e+02
1.968557360840313297e+00 4.478087768554687500e+02
1.974545372733972126e+00 4.468348999023437500e+02
1.980535350280389295e+00 4.477949829101562500e+02
1.986531097073062746e+00 4.460305480957031250e+02
1.992538363455031547e+00 4.445270690917968750e+02
1.998531653429342470e+00 4.434938354492187500e+02
2.004515848268995537e+00 4.434457702636718750e+02
2.010504571068459700e+00 4.421419982910156250e+02
2.016507366904402687e+00 4.426020507812500000e+02
2.022505225503196780e+00 4.414716491699218750e+02
2.028486256482602279e+00 4.405461425781250000e+02
2.034473428117274718e+00 4.409237060546875000e+02
2.040466984183882726e+00 4.396543273925781250e+02
2.046454099351153300e+00 4.385024414062500000e+02
2.052444572561157976e+00 4.377813415527343750e+02
2.058447816717977830e+00 4.381448364257812500e+02
2.064443102223787463e+00 4.371708068847656250e+02
2.070435524339528932e+00 4.359648132324218750e+02
2.076425524359290620e+00 4.357379150390625000e+02
2.082412912490054779e+00 4.354121398925781250e+02
2.088408588192907978e+00 4.349924316406250000e+02
