5.129130823271614917e-03 2.918521289062500000e+04
9.856768556803303244e-03 6.845404687500000000e+04
1.571757148517011551e-02 8.599489843750000000e+04
2.113772737235002086e-02 7.013461718750000000e+04
2.696732192358382296e-02 5.706213281250000000e+04
3.315308843310124653e-02 5.738889453125000000e+04
3.907680414981765105e-02 4.523097656250000000e+04
4.477669802915323211e-02 4.144604296875000000e+04
5.092129514262907358e-02 3.557438671875000000e+04
5.696741509388951463e-02 3.182457617187500000e+04
6.286740569512880294e-02 2.881705078125000000e+04
6.873572640137609602e-02 2.770822265625000000e+04
7.471710011150912989e-02 2.773665820312500000e+04
8.083793947513633060e-02 2.532164648437500000e+04
8.687321419073271156e-02 2.313010156250000000e+04
9.272975651191034396e-02 2.213579296875000000e+04
9.864911871407776311e-02 1.904702343750000000e+04
1.046865584017382667e-01 1.782208789062500000e+04
1.108413091315034460e-01 1.730843359375000000e+04
1.169232998062204182e-01 1.588287500000000000e+04
1.229066155747455119e-01 1.514280468750000000e+04
1.288847621494034756e-01 1.456915625000000000e+04
1.348471800724285741e-01 1.478344921875000000e+04
1.407520414167345857e-01 1.393517089843750000e+04
1.467475034993937222e-01 1.336185644531250000e+04
1.528125286903445346e-01 1.266700292968750000e+04
1.588750964215515649e-01 1.197503613281250000e+04
1.648689509171508139e-01 1.114879492187500000e+04
1.707735352532093187e-01 1.077960058593750000e+04
1.767906173976985795e-01 1.055280468750000000e+04
1.827626396242018614e-01 1.036100097656250000e+04
1.887509586246336468e-01 9.845063476562500000e+03
1.948061456274459979e-01 9.729571289062500000e+03
2.007495033793446904e-01 9.308920898437500000e+03
2.067035647147748845e-01 9.202232421875000000e+03
2.126900672588861452e-01 9.038595703125000000e+03
2.186725070746759203e-01 8.803303710937500000e+03
2.246796463621880124e-01 8.590140625000000000e+03
2.306905186235441996e-01 8.296744140625000000e+03
2.367204453920560836e-01 8.055355468750000000e+03
2.427039610264450642e-01 7.835365722656250000e+03
2.487128925403929436e-01 7.607294433593750000e+03
2.547830368764706921e-01 7.665942382812500000e+03
2.607470494223215196e-01 7.498243164062500000e+03
2.667096553707246631e-01 7.184593261718750000e+03
2.726947296536640919e-01 7.142945312500000000e+03
2.786586794788881716e-01 7.035778808593750000e+03
2.846757043784143848e-01 6.948508789062500000e+03
2.906416185992912737e-01 6.768599121093750000e+03
2.966488767915461677e-01 6.681529785156250000e+03
3.026169444162547517e-01 6.602268066406250000e+03
3.085607062641346210e-01 6.350524414062500000e+03
3.145916029390481983e-01 6.402784179687500000e+03
3.205878167628886111e-01 6.212190917968750000e+03
3.265837308769138914e-01 6.169081542968750000e+03
3.325379485959745751e-01 6.015023925781250000e+03
3.385723885854693416e-01 6.031222656250000000e+03
3.446081453978775966e-01 5.918533203125000000e+03
3.505390348732474459e-01 5.834142578125000000e+03
3.565525170154597023e-01 5.783351074218750000e+03
3.625777260883406572e-01 5.747235839843750000e+03
3.685609079253545084e-01 5.690165527343750000e+03
3.745385399488749822e-01 5.542549804687500000e+03
3.805185580979314475e-01 5.523421386718750000e+03
3.865264183826531696e-01 5.486513183593750000e+03
3.925056419467888302e-01 5.387277832031250000e+03
3.984845375125231626e-01 5.348201171875000000e+03
4.045127756185919465e-01 5.227883789062500000e+03
4.105306215691947314e-01 5.237192382812500000e+03
4.165543549036467841e-01 5.185194824218750000e+03
4.225191791841557132e-01 5.142189941406250000e+03
4.284576613546450252e-01 5.105697265625000000e+03
4.344513195681397044e-01 5.022400390625000000e+03
4.404721488079808012e-01 4.993171386718750000e+03
4.464506015854050602e-01 4.931970703125000000e+03
4.524051105994733035e-01 4.941028320312500000e+03
4.584116573482002743e-01 4.916473632812500000e+03
4.644300422276226858e-01 4.856782226562500000e+03
4.704211762489556303e-01 4.834486328125000000e+03
4.764063034199368385e-01 4.771635742187500000e+03
4.824210448320347955e-01 4.738758300781250000e+03
4.884181098448540093e-01 4.684044433593750000e+03
4.943839001541609490e-01 4.688687988281250000e+03
5.003883438282681340e-01 4.653428222656250000e+03
5.063990515049398011e-01 4.630634277343750000e+03
5.123809543795261323e-01 4.626619140625000000e+03
5.183768819321917798e-01 4.547368164062500000e+03
5.243928906055597139e-01 4.538055664062500000e+03
5.303723017532896433e-01 4.466516601562500000e+03
5.363389989045567185e-01 4.447031738281250000e+03
5.423164967090381428e-01 4.436859863281250000e+03
5.482941619590935289e-01 4.399802246093750000e+03
5.542864366005254562e-01 4.373117187500000000e+03
5.603079108672868180e-01 4.376126953125000000e+03
5.663156307122013677e-01 4.330178710937500000e+03
5.722943345187333497e-01 4.310376953125000000e+03
5.782938982090540803e-01 4.291446289062500000e+03
5.842962841138931163e-01 4.260337402343750000e+03
5.902901351977036803e-01 4.265219726562500000e+03
5.962743648131465513e-01 4.197127929687500000e+03
6.022801529724930436e-01 4.218648925781250000e+03
6.082614963812057463e-01 4.174449707031250000e+03
6.142340552702457712e-01 4.202399902343750000e+03
6.202432805216550049e-01 4.145067871093750000e+03
6.262286824781635453e-01 4.159443847656250000e+03
6.322115229369795752e-01 4.114828613281250000e+03
6.382051904782024554e-01 4.098423339843750000e+03
6.441957776717288642e-01 4.074874511718750000e+03
6.502025299864480079e-01 4.075942382812500000e+03
6.562132463842383912e-01 4.074125000000000000e+03
6.622092207616135928e-01 4.021697753906250000e+03
6.681759171559549237e-01 4.033526855468750000e+03
6.741368691992833950e-01 4.039645996093750000e+03
6.801351390697540911e-01 3.979259277343750000e+03
6.861607543969520107e-01 3.984729980468750000e+03
6.921790429761539576e-01 3.960165527343750000e+03
6.981420171191576873e-01 3.958402832031250000e+03
7.041211345007257760e-01 3.943630371093750000e+03
7.101424020179437635e-01 3.932250488281250000e+03
7.161415582812278302e-01 3.897412597656250000e+03
7.221240834162573341e-01 3.902001953125000000e+03
7.281127215857966517e-01 3.891883300781250000e+03
7.340938477969723985e-01 3.888038574218750000e+03
7.400858514890712447e-01 3.850793457031250000e+03
7.460864552045123332e-01 3.852312988281250000e+03
7.520793681680192355e-01 3.839324707031250000e+03
7.580769557766938727e-01 3.836518066406250000e+03
7.640758438044785716e-01 3.835555175781250000e+03
7.700537761044762286e-01 3.800062500000000000e+03
7.760305347565021883e-01 3.788362304687500000e+03
7.820305544193562053e-01 3.812563964843750000e+03
7.879976037665339383e-01 3.760622558593750000e+03
7.939894383228259800e-01 3.771502929687500000e+03
8.000039669798494346e-01 3.766353027343750000e+03
8.060118558373466913e-01 3.750465332031250000e+03
8.120116338643762477e-01 3.768033691406250000e+03
8.179953403040580717e-01 3.743896972656250000e+03
8.239910287043902271e-01 3.704519531250000000e+03
8.299640377672672376e-01 3.732603515625000000e+03
8.359595519359651616e-01 3.710463867187500000e+03
8.419546267316855293e-01 3.701962890625000000e+03
8.479377556431461072e-01 3.701571777343750000e+03
8.539409189885571738e-01 3.691567382812500000e+03
8.599542100178633186e-01 3.690923339843750000e+03
8.659442979497401494e-01 3.670694824218750000e+03
8.719240355556164834e-01 3.675567871093750000e+03
8.779198453412127012e-01 3.662574707031250000e+03
8.839136183721879592e-01 3.651352539062500000e+03
8.898924098158060847e-01 3.639310546875000000e+03
8.958643195706044171e-01 3.641153320312500000e+03
9.018748646711721717e-01 3.639247558593750000e+03
9.078978400664554638e-01 3.609320800781250000e+03
9.138901281687329403e-01 3.628324218750000000e+03
9.198624831168585869e-01 3.615541992187500000e+03
9.258485398339196815e-01 3.603594726562500000e+03
9.318486410662156771e-01 3.589280761718750000e+03
9.378429671767994913e-01 3.599337402343750000e+03
9.438331728780446905e-01 3.594333984375000000e+03
9.498305044369160788e-01 3.573105957031250000e+03
9.558277698778481213e-01 3.581677734375000000e+03
9.618168876573844894e-01 3.568496582031250000e+03
9.677985103818236290e-01 3.575398925781250000e+03
9.737890273498233107e-01 3.580307617187500000e+03
9.798024771210801509e-01 3.555793457031250000e+03
9.858035844229680045e-01 3.545241699218750000e+03
9.917789642501841918e-01 3.563930664062500000e+03
9.977563178888456674e-01 3.544835937500000000e+03
1.003740858655542079e+00 3.540664550781250000e+03
1.009731253251847205e+00 3.535539550781250000e+03
1.015734159776836565e+00 3.520432128906250000e+03
1.021737238250188584e+00 3.524270019531250000e+03
1.027719403697568756e+00 3.523676757812500000e+03
1.033719857163759803e+00 3.518853515625000000e+03
1.039719197154940211e+00 3.514183593750000000e+03
1.045698648526614871e+00 3.507135742187500000e+03
1.051702015321674732e+00 3.498321777343750000e+03
1.057695157539450204e+00 3.489184082031250000e+03
1.063677724564501270e+00 3.487157226562500000e+03
1.069675795795408613e+00 3.499225585937500000e+03
1.075674120514419574e+00 3.499014160156250000e+03
1.081671947769326403e+00 3.488915039062500000e+03
1.087656655111513437e+00 3.481577148437500000e+03
1.093639641443241217e+00 3.485441406250000000e+03
1.099622505254377547e+00 3.481195800781250000e+03
1.105603958398011510e+00 3.475507812500000000e+03
1.111614157488678645e+00 3.462295898437500000e+03
1.117624450627874300e+00 3.472918457031250000e+03
1.123619448549652011e+00 3.457771972656250000e+03
1.129604396928908461e+00 3.475453613281250000e+03
1.135596556635883436e+00 3.442327636718750000e+03
1.141602633261843414e+00 3.456580078125000000e+03
1.147581563736899124e+00 3.442166503906250000e+03
1.153564724951772202e+00 3.456870605468750000e+03
1.159572072635185025e+00 3.444831542968750000e+03
1.165567784194131207e+00 3.451292968750000000e+03
1.171550200638367123e+00 3.450878417968750000e+03
1.177528414495107256e+00 3.432622070312500000e+03
1.183517988261566067e+00 3.428976562500000000e+03
1.189524463894155115e+00 3.442098144531250000e+03
1.195529477830305387e+00 3.432583984375000000e+03
1.201507935188927068e+00 3.427155761718750000e+03
1.207484264327602697e+00 3.429045410156250000e+03
1.213489239680619391e+00 3.422608886718750000e+03
1.219496488506969456e+00 3.427742675781250000e+03
1.225476862681692758e+00 3.424436523437500000e+03
1.231463063284364168e+00 3.409679199218750000e+03
1.237471681029653992e+00 3.421729492187500000e+03
1.243466117205501709e+00 3.417386718750000000e+03
1.249453835986715555e+00 3.404547851562500000e+03
1.255459563752945318e+00 3.411286132812500000e+03
1.261443678438928684e+00 3.401067382812500000e+03
1.267419189221073328e+00 3.413565429687500000e+03
1.273421584376911664e+00 3.409023925781250000e+03
1.279418244161104390e+00 3.397828613281250000e+03
1.285415537041882938e+00 3.394826660156250000e+03
1.291403822319522998e+00 3.398253906250000000e+03
1.297378645743485936e+00 3.412642578125000000e+03
1.303374097369431661e+00 3.390655273437500000e+03
1.309371363533620380e+00 3.391364257812500000e+03
1.315369803963035489e+00 3.406345703125000000e+03
1.321360700023533008e+00 3.392973144531250000e+03
1.327352150504362172e+00 3.392279785156250000e+03
1.333351479854227639e+00 3.388316894531250000e+03
1.339331077604843490e+00 3.385778808593750000e+03
1.345316730631358260e+00 3.376477050781250000e+03
1.351317277026995667e+00 3.389647949218750000e+03
1.357316804444869573e+00 3.383759277343750000e+03
1.363304380391814563e+00 3.388205078125000000e+03
1.369302322155761642e+00 3.378387695312500000e+03
1.375306398694642551e+00 3.383741699218750000e+03
1.381286409514163038e+00 3.368150878906250000e+03
1.387282565143284518e+00 3.382680175781250000e+03
1.393272255296212903e+00 3.375912109375000000e+03
1.399237469577294002e+00 3.373799804687500000e+03
1.405245100600288177e+00 3.365492187500000000e+03
1.411260326322122394e+00 3.370043945312500000e+03
1.417240953814912441e+00 3.360859863281250000e+03
1.423235616212465748e+00 3.378833007812500000e+03
1.429238743903239017e+00 3.367267089843750000e+03
1.435224051244619270e+00 3.371487792968750000e+03
1.441204617692010803e+00 3.367065429687500000e+03
1.447203527814554525e+00 3.364423828125000000e+03
1.453204648670345600e+00 3.362024902343750000e+03
1.459202156787017257e+00 3.374666015625000000e+03
1.465183020979535566e+00 3.357471191406250000e+03
1.471171019186503504e+00 3.361432128906250000e+03
1.477178776409281191e+00 3.364297851562500000e+03
1.483155992160086312e+00 3.360716308593750000e+03
1.489139808027411194e+00 3.355913574218750000e+03
1.495145557926077284e+00 3.359556152343750000e+03
1.501145887630951803e+00 3.356930664062500000e+03
1.507129147675635439e+00 3.355941406250000000e+03
1.513115331168431332e+00 3.350266113281250000e+03
1.519109023911259237e+00 3.354709960937500000e+03
1.525110845145124072e+00 3.352093750000000000e+03
1.531110462403911354e+00 3.343139160156250000e+03
1.537098062074197191e+00 3.358951171875000000e+03
1.543083691080597175e+00 3.346430175781250000e+03
1.549073374242399437e+00 3.346666015625000000e+03
1.555066134421707824e+00 3.349080078125000000e+03
1.561065000292003901e+00 3.356189453125000000e+03
1.567053250444098600e+00 3.354589355468750000e+03
1.573041965836766476e+00 3.353068359375000000e+03
1.579040252365414565e+00 3.347215820312500000e+03
1.585036784503224272e+00 3.354978515625000000e+03
1.591044174333190675e+00 3.352514160156250000e+03
1.597034953592344042e+00 3.348861328125000000e+03
1.603015385057011022e+00 3.355573730468750000e+03
1.609003770799181554e+00 3.352003417968750000e+03
1.614992147333569994e+00 3.347917480468750000e+03
1.620989037802966326e+00 3.358559082031250000e+03
1.626984090643423864e+00 3.347039062500000000e+03
1.632977147131584594e+00 3.344351562500000000e+03
1.638972963343700018e+00 3.353321777343750000e+03
1.644953259634027054e+00 3.354370605468750000e+03
1.650949266531469339e+00 3.360988281250000000e+03
1.656942750447845114e+00 3.347393554687500000e+03
1.662932082119813249e+00 3.349503906250000000e+03
1.668926741278742520e+00 3.348459472656250000e+03
1.674903284871747777e+00 3.346755371093750000e+03
1.680908968645903556e+00 3.341660156250000000e+03
1.686914478522218097e+00 3.339779785156250000e+03
1.692901190277990908e+00 3.350992675781250000e+03
1.698900236807986186e+00 3.345757324218750000e+03
1.704885520312432234e+00 3.346840820312500000e+03
1.710880506425308312e+00 3.341003906250000000e+03
1.716872630579814984e+00 3.338552734375000000e+03
1.722864577270372122e+00 3.341493652343750000e+03
1.728860614577005350e+00 3.346100097656250000e+03
1.734839642148249261e+00 3.344472167968750000e+03
1.740838591736547425e+00 3.340002929687500000e+03
1.746838062493035748e+00 3.344840820312500000e+03
1.752825741361621503e+00 3.351538574218750000e+03
1.758822186114639585e+00 3.342541503906250000e+03
1.764816138474709195e+00 3.344088378906250000e+03
1.770800460188342473e+00 3.343178222656250000e+03
1.776792644169273405e+00 3.342025390625000000e+03
1.782786312195657308e+00 3.346477050781250000e+03
1.788776054391426396e+00 3.346785644531250000e+03
1.794772578505125171e+00 3.345226562500000000e+03
1.800765573162654842e+00 3.349180175781250000e+03
1.806756949262000367e+00 3.338820800781250000e+03
1.812758316870585862e+00 3.339372558593750000e+03
1.818742093283337136e+00 3.345709960937500000e+03
1.824727468262052676e+00 3.346202636718750000e+03
1.830725609818966593e+00 3.346690917968750000e+03
1.836725216113908932e+00 3.337687500000000000e+03
1.842718033871140637e+00 3.347228027343750000e+03
1.848703422886741832e+00 3.339263183593750000e+03
1.854696369350355978e+00 3.345143554687500000e+03
1.860682940079055658e+00 3.345383300781250000e+03
1.866683197007659167e+00 3.345685058593750000e+03
1.872682197405861393e+00 3.346860351562500000e+03
1.878672949272406134e+00 3.345851074218750000e+03
1.884674932603263464e+00 3.348100585937500000e+03
1.890664788376863470e+00 3.337151367187500000e+03
1.896637838856819247e+00 3.338816894531250000e+03
1.902622370572990995e+00 3.349859375000000000e+03
1.908627672584765955e+00 3.350419433593750000e+03
1.914633273252842161e+00 3.349918945312500000e+03
1.920623395468008088e+00 3.338057617187500000e+03
1.926613019483300882e+00 3.351909179687500000e+03
1.932608907837795487e+00 3.344022949218750000e+03
1.938596140329180040e+00 3.352980468750000000e+03
1.944584969676260711e+00 3.340373535156250000e+03
1.950581264003886206e+00 3.346815917968750000e+03
1.956574580512360662e+00 3.349262207031250000e+03
1.962569555524740439e+00 3.357726562500000000e+03
1.968557360840313297e+00 3.348529785156250000e+03
1.974545372733972126e+00 3.348154296875000000e+03
1.980535350280389295e+00 3.359981933593750000e+03
1.986531097073062746e+00 3.351950683593750000e+03
1.992538363455031547e+00 3.346935546875000000e+03
1.998531653429342470e+00 3.343546386718750000e+03
2.004515848268995537e+00 3.348491210937500000e+03
2.010504571068459700e+00 3.344694335937500000e+03
2.016507366904402687e+00 3.353110351562500000e+03
2.022505225503196780e+00 3.351326660156250000e+03
2.028486256482602279e+00 3.348772460937500000e+03
2.034473428117274718e+00 3.354940917968750000e+03
2.040466984183882726e+00 3.352347656250000000e+03
2.046454099351153300e+00 3.349881835937500000e+03
2.052444572561157976e+00 3.349973632812500000e+03
2.058447816717977830e+00 3.357328125000000000e+03
2.064443102223787463e+00 3.353746093750000000e+03
2.070435524339528932e+00 3.351603515625000000e+03
2.076425524359290620e+00 3.353160156250000000e+03
2.082412912490054779e+00 3.356007324218750000e+03
2.088408588192907978e+00 3.358490234375000000e+03
