9.999984545728221041e-01
9.999625645830279019e-01
9.999066567641415881e-01
9.998184642591173565e-01
9.996075622612907718e-01
9.992776786066777106e-01
9.989249660507479867e-01
9.983766346025231275e-01
9.980206100222428489e-01
9.974363316252763401e-01
9.966084607990040034e-01
9.964487217312543166e-01
9.949758804014227076e-01
9.952737003681628725e-01
9.941727516275336018e-01
9.926584827422676449e-01
9.919976533980141564e-01
9.903855836775883326e-01
9.897907313119785888e-01
9.881162694868319551e-01
9.871716665665842827e-01
9.860880936005286257e-01
9.845604000933494415e-01
9.835576710155599089e-01
9.817788827916368311e-01
9.818046365745616288e-01
9.791762286177444485e-01
9.782851747337757420e-01
9.764068506953740290e-01
9.732814075458844361e-01
9.727323724873976341e-01
9.696483254735536184e-01
9.690029411588454433e-01
9.661693736519810782e-01
9.644757580127245600e-01
9.631074811571529448e-01
9.598754864965894917e-01
9.584939998241122083e-01
9.568834931544948352e-01
9.544858610518243136e-01
9.528731010410540492e-01
9.496033975794681004e-01
9.470005724358770971e-01
9.453014926483045421e-01
9.428472093591899750e-01
9.410315657871352046e-01
9.373479614096078549e-01
9.347122816732716943e-01
9.331362824364378694e-01
9.296085812112876434e-01
9.262842489916807143e-01
9.248738081871471506e-01
9.232489315469749602e-01
9.185844372358632492e-01
9.158312400656132279e-01
9.111904868466786933e-01
9.099731892049175430e-01
9.077323386000732963e-01
9.036621966575099085e-01
9.003860985018463658e-01
8.972647651082135134e-01
8.921766043144258029e-01
8.888213380972641575e-01
8.866812938316699366e-01
8.834231545426597387e-01
8.787221289547323400e-01
8.751214777321220106e-01
8.724241858783448045e-01
8.676577537018651531e-01
8.658390607626186286e-01
8.632765757709712773e-01
8.578824219022687103e-01
8.522895444060818448e-01
8.475613596344340195e-01
8.452084756160985757e-01
8.407257725422866423e-01
8.367288789338374055e-01
8.323728481803924772e-01
8.264027819209928127e-01
8.223538785951168828e-01
8.207284031520437617e-01
8.127636643856861465e-01
8.089178877214381336e-01
8.071249368098379895e-01
7.999097188032009420e-01
7.945221653633640635e-01
7.922010940918746691e-01
7.860620072422283000e-01
7.820990112353713997e-01
7.774427312857417061e-01
7.720358343380866462e-01
7.673015219236825057e-01
7.604519604654729203e-01
7.570784444048179740e-01
7.511089395925560908e-01
7.477278990671214487e-01
7.398679393657271453e-01
7.353001988083855966e-01
7.298049400743108484e-01
7.237069208467216130e-01
7.191660851861813031e-01
7.141204555948218458e-01
7.101633783924578003e-01
7.011003611674467839e-01
6.991386199725584394e-01
6.922198628316204028e-01
6.849458227989829728e-01
6.802239275808842356e-01
6.739183091324093544e-01
6.679193285149767068e-01
6.631879330366079461e-01
6.560042046183687248e-01
6.525824816535462647e-01
6.428012030899677987e-01
6.389243128001217409e-01
6.320896080656873695e-01
6.267982361450432638e-01
6.200921772923425612e-01
6.127972675001708280e-01
6.090518583399542329e-01
6.010882876697881683e-01
5.949707567852997592e-01
5.902920931848181230e-01
5.823832775881377932e-01
5.764946243489229571e-01
5.694362316455060524e-01
5.652941108581337470e-01
5.581170232330825431e-01
5.505727858152442700e-01
5.461493840476571160e-01
5.393726270590356586e-01
5.355137088795927092e-01
5.258551214525999384e-01
5.229965899292923215e-01
5.119532520251027785e-01
5.082722146051532608e-01
5.030752541912709708e-01
4.974881438642017040e-01
4.916194683868464477e-01
4.846712423854518392e-01
4.777383111221227829e-01
4.733768468279258568e-01
4.660289069041171905e-01
4.580955068124414331e-01
4.560477203320897344e-01
4.492119996273939986e-01
4.438667761633869335e-01
4.339746597968587305e-01
4.294564626149225406e-01
4.247664395684438432e-01
4.197715525402132553e-01
4.125200896714785737e-01
4.056312747246116346e-01
4.002966715037414303e-01
3.940659192907695063e-01
3.879444027641124615e-01
3.815604740622753344e-01
3.744459547332403271e-01
3.722489118372556138e-01
3.658271838630458572e-01
3.595089072901575533e-01
3.535184314258338345e-01
3.486649843639588187e-01
3.442991767400845338e-01
3.402700242398482011e-01
3.326393460777271605e-01
3.287599273612881734e-01
3.216592325838519839e-01
3.185808059794464353e-01
3.133059978509706855e-01
3.080246816309929470e-01
3.030161043784100894e-01
3.008472215529085503e-01
2.910675737245710937e-01
2.880693604572820421e-01
2.821924974775015249e-01
2.770939519948920626e-01
2.746316300865035975e-01
2.685660450331622262e-01
2.632497373926097617e-01
2.609253952048378178e-01
2.552371816891912393e-01
2.514593249439326939e-01
2.444469040613325983e-01
2.427599010989271999e-01
2.371727954876334254e-01
2.348030699526417742e-01
2.302926646416505740e-01
2.241339205873844609e-01
2.202694579344259829e-01
2.190446175815586871e-01
2.132540556892552897e-01
2.078536967522671697e-01
2.059167572534800483e-01
2.005574653712551281e-01
1.984304946367712874e-01
1.951286147491769207e-01
1.892956569624973662e-01
1.873049163789347882e-01
1.835745861075765428e-01
1.791460637070888540e-01
1.770203336947722972e-01
1.732422134290270421e-01
1.701478498745953583e-01
1.684031221124926148e-01
1.632824186680900402e-01
1.601166126341122264e-01
1.581243842377632325e-01
1.534851828143166952e-01
1.527006097646755323e-01
1.473712084598590155e-01
1.452880452428916280e-01
1.435232275236589805e-01
1.414186284233445168e-01
1.375371868556612975e-01
1.368636430972393903e-01
1.335748947119353991e-01
1.297428485853134028e-01
1.267296790984707155e-01
1.250224917263492164e-01
1.234505948616842069e-01
1.193274751680377943e-01
1.164925784910234713e-01
1.140640518537240772e-01
1.135125241498128462e-01
1.110334303676710072e-01
1.084034151567595666e-01
1.057860637308416507e-01
1.038965892336188995e-01
1.006208924310062341e-01
1.002002314456752474e-01
9.830553098968553005e-02
9.609490538800617709e-02
9.473585195983730278e-02
9.155774903376887042e-02
9.024724475317383310e-02
8.838021708195076265e-02
8.623265198520538299e-02
8.430059831929284653e-02
8.224072675049673431e-02
8.215675759188056926e-02
7.809415022803892215e-02
7.808354301518651008e-02
7.593100829144046326e-02
7.483770556481740555e-02
7.369541518707585503e-02
7.126590988858112763e-02
7.134719706130834838e-02
6.846070666556161588e-02
6.789093520238398405e-02
6.581784271057858349e-02
6.537242391816983078e-02
6.307525968775667957e-02
6.293740267047712167e-02
6.125002363735074229e-02
5.942905992676220106e-02
5.853156219007801808e-02
5.688551733783014236e-02
5.595056303870707404e-02
5.507573400956924936e-02
5.419801250114976432e-02
5.309579914684099677e-02
5.187440623607320056e-02
5.011881246141612622e-02
4.985857512880080555e-02
4.906594166231624532e-02
4.675158698094177001e-02
4.641668558910094777e-02
4.519282595472773334e-02
4.466403736459882701e-02
4.365084165379051750e-02
4.248118202590981524e-02
4.284087875900762649e-02
4.091678995914937306e-02
4.043308243166805066e-02
3.917297547892593934e-02
3.864636202552390598e-02
3.778978775165972581e-02
3.733151855123248430e-02
3.596545841665337723e-02
3.571809932428696155e-02
3.495425940664417114e-02
3.321144123447040963e-02
3.290311796705608360e-02
3.208802583267286734e-02
3.230298182939381202e-02
3.103416119493263362e-02
3.089985035687762421e-02
3.004750797329508102e-02
3.012804216472455068e-02
2.872582219441439932e-02
2.857524679802240369e-02
2.770662267865112161e-02
2.702538084515085023e-02
2.694794605683911368e-02
2.613483219800565374e-02
2.530859241001967574e-02
2.545582263014537980e-02
2.466139276862705856e-02
2.404466898424343843e-02
2.381460293429485398e-02
2.300591764611616477e-02
2.259763485554556681e-02
2.193884749152237232e-02
2.161336558886176734e-02
2.185415251488504254e-02
2.112294641853630986e-02
2.054747260081615096e-02
2.016249548737972588e-02
1.948697424048235344e-02
1.934487713507606829e-02
1.920944637603592270e-02
1.827967283324212835e-02
1.785452553857522912e-02
1.769384500150697134e-02
1.727014946941798565e-02
1.683158320177922940e-02
1.711942488732885043e-02
1.628996532377487150e-02
1.605257369684964103e-02
1.616097233987609516e-02
1.535002462932432907e-02
1.521753478960805213e-02
1.491178407930421682e-02
1.460717659125737415e-02
1.436276760663883836e-02
1.421853318165271912e-02
1.371014169235224706e-02
1.342129421284618714e-02
1.315761121299292846e-02
1.287593239256661429e-02
1.239806942804738514e-02
1.265313641199336016e-02
1.214745942061166116e-02
1.207929713030134362e-02
1.156012135889990071e-02
1.180060213506324042e-02
1.110301104592495425e-02
1.086885882545506228e-02
1.072334031007547359e-02
1.072385549526362093e-02
1.035569560213813779e-02
9.848183512566437148e-03
9.915904323808654927e-03
9.564345073351316479e-03
9.302482884268015520e-03
9.383130275625707964e-03
9.315168582958291421e-03
8.986717648656607563e-03
8.691983178256089057e-03
8.982257542232422592e-03
8.425962824083376573e-03
8.390954191074335988e-03
8.292589855952152422e-03
7.971466833982943437e-03
8.067410110160327594e-03
7.342957430572174052e-03
7.357515275085957721e-03
7.250598609110787442e-03
7.174149452391170856e-03
7.178661694130099996e-03
6.908800342512345406e-03
6.900552693352003317e-03
6.800778865441501828e-03
6.761857749841982367e-03
6.581836167017261763e-03
6.415638292770756840e-03
6.279371106499991723e-03
6.108974032684256865e-03
6.184552834533428751e-03
6.039318337046250401e-03
6.019067294087744949e-03
5.771100108611887207e-03
5.467101098780439809e-03
5.365508383683349584e-03
5.563430627821551108e-03
5.233397888872400039e-03
5.240632909625285094e-03
5.220878769889327614e-03
4.857131132453865359e-03
4.915505479318352071e-03
4.702289597065089331e-03
4.694247670554822088e-03
4.655382544737405801e-03
4.631860309470547943e-03
4.495580954489294782e-03
4.472302917334595486e-03
4.415146736667060687e-03
4.136249294300284492e-03
4.059218480215395081e-03
3.957773533736581341e-03
4.081556800315706141e-03
3.935728640825511895e-03
3.698706423624742879e-03
3.999169811266216866e-03
3.813147130561832850e-03
3.601072833996360120e-03
3.612034209470961488e-03
3.446405331408636686e-03
3.425914554033738114e-03
3.345496930597095797e-03
3.307680682250793962e-03
3.499676772148023213e-03
3.221945717635592375e-03
3.289308000292503337e-03
3.156023975632351805e-03
3.088676763033102249e-03
3.017013476017842144e-03
2.833330203359501337e-03
2.879132771249656546e-03
2.707656275862648388e-03
2.720999368795502804e-03
2.678723403431215559e-03
2.663455904547887450e-03
2.673566105988010085e-03
2.435628695918003791e-03
2.525452882360012391e-03
2.503303185560907043e-03
2.416071845994927428e-03
2.498716578636508718e-03
2.482071464356559037e-03
2.289998909178150421e-03
2.308255471888526894e-03
2.290548614474522369e-03
2.193685061018683935e-03
2.220586196165445086e-03
2.127480471231518819e-03
2.132420119290380847e-03
2.004577422043554626e-03
2.042289930865154573e-03
1.926035223468333451e-03
2.010398568169861899e-03
1.959923001732801536e-03
1.950368343879815098e-03
1.871989610904588753e-03
1.882385825822462805e-03
1.865281916406003482e-03
1.807620916375090626e-03
1.744435332869511161e-03
1.708272245304026053e-03
1.783995790046009975e-03
1.559323077785026946e-03
1.562098215163456542e-03
1.538573337273845465e-03
1.690350233968051282e-03
1.556850943197537248e-03
1.593548193503252237e-03
1.507801295584788436e-03
1.452425348379376155e-03
1.440948395282470439e-03
1.348107652818093935e-03
1.344408923375027326e-03
1.284024632146848468e-03
1.341740661415740440e-03
1.269714387828935979e-03
1.342439832059680229e-03
1.219175601103374184e-03
1.231858959238237841e-03
1.198875464632531522e-03
1.173337168005429655e-03
1.175913698261108874e-03
1.185628216538773877e-03
1.127643409944031417e-03
1.059953090832154712e-03
1.095779435524727678e-03
1.118383627048545820e-03
1.144619240575321531e-03
1.042291630012525533e-03
1.003732926898167179e-03
1.029734432131691572e-03
9.699730468540658252e-04
1.033498258291230733e-03
9.187057185343806701e-04
9.512358124179917489e-04
9.612975267316194302e-04
8.851219731009280682e-04
9.020084115688532583e-04
8.997761285362672681e-04
8.819735403343895164e-04
9.154667717525365308e-04
8.069695140868031209e-04
7.822465934624375089e-04
7.993898620618937250e-04
7.972172662010609985e-04
8.457178953360485266e-04
8.436296687294734175e-04
7.325416868190015932e-04
7.623198404843377438e-04
7.744804598745940512e-04
7.463702754804881368e-04
7.104355591492788908e-04
7.182190936595063413e-04
7.016608902860563572e-04
7.307624406491287656e-04
6.967389507719811336e-04
6.962747133718598293e-04
6.588466643443562608e-04
6.489791964110358134e-04
6.431968623437414037e-04
6.165088269831322425e-04
7.152070134294240614e-04
5.997910171690577514e-04
6.037544008762173869e-04
5.735946909919746551e-04
6.055312633789248708e-04
5.433677016129219526e-04
5.667454818788191916e-04
5.300171689490739465e-04
5.795548204879939812e-04
5.251786270643521090e-04
5.108224506355772167e-04
5.148994518645213635e-04
5.118673960860976738e-04
4.590239114875379798e-04
5.436912284462789386e-04
5.105899022901552297e-04
4.937309666281905268e-04
4.704634481214819909e-04
4.443889811971882655e-04
5.145315300531725072e-04
4.400391688512617278e-04
4.305412336164407506e-04
4.227682962477372400e-04
4.249377092126379045e-04
4.199397875389452228e-04
4.390164481409436514e-04
3.813033550683278127e-04
4.021037794345500602e-04
4.341990083799758798e-04
4.115225032179869688e-04
3.487956143334014210e-04
3.565729930998634534e-04
3.969902419318453311e-04
3.508557572557841888e-04
3.616920383355790069e-04
3.675375677861521619e-04
3.488432864058515028e-04
3.633137952424409997e-04
3.463665708315854749e-04
3.211164629466390654e-04
3.352542826298036201e-04
3.723740140814735863e-04
3.311890895885449327e-04
3.533791647522290229e-04
3.187732110826732102e-04
3.082665003018963392e-04
2.903031103838295203e-04
3.148926884761494020e-04
3.216303044331137503e-04
2.978412469095027956e-04
2.682622853302879485e-04
2.663648109306966162e-04
2.524871640607581668e-04
2.778830572687127575e-04
2.723710057999735503e-04
2.976761014444483013e-04
2.619944218012046269e-04
2.527577775210616330e-04
2.290331564830702226e-04
2.666755414128945691e-04
2.455845160531025658e-04
2.293903811238214106e-04
2.249473317932282270e-04
2.117090300743064370e-04
2.250752664252117898e-04
2.267214740729393656e-04
2.168762906671257192e-04
2.147928686742812965e-04
2.234609681864763631e-04
2.190026851594691331e-04
2.185811791859091388e-04
2.087839185364417688e-04
1.938293308559275519e-04
2.005273739334638775e-04
1.870086057621053895e-04
1.989063649018774549e-04
1.863919535777792643e-04
1.816661733203716233e-04
1.811463834040221029e-04
1.915138557883070347e-04
2.046507935309411390e-04
1.722310028872861792e-04
1.775347867841669224e-04
1.584980267996553762e-04
1.777489390226928072e-04
1.697884798660127923e-04
1.830752982210795768e-04
1.603435562962686727e-04
1.425693085684013228e-04
1.666370467289684566e-04
1.520505743345666771e-04
1.398653688290909158e-04
1.641379380620065353e-04
1.610237917118187098e-04
1.376363501340731918e-04
1.369692199342075606e-04
1.561804507879759973e-04
1.453186943847437627e-04
1.412207631760158252e-04
1.528955994983682441e-04
1.437227226569892798e-04
1.124361748943703405e-04
1.285998065852171212e-04
1.403896833305320923e-04
1.341970268932622375e-04
1.237826975664131223e-04
1.287636476115875664e-04
1.184994210995835256e-04
1.280772625250562325e-04
1.224177602123361871e-04
1.353854433841647433e-04
1.196293725646603318e-04
1.323262599074814078e-04
1.035552988000405984e-04
1.087390056142172788e-04
1.157761484658639085e-04
1.166054652906067698e-04
1.136248562825565201e-04
1.105196554749929039e-04
9.961395466657879119e-05
1.177755588652984567e-04
8.282209699740834298e-05
8.258314803171774854e-05
8.353779762110465914e-05
1.049246411059409590e-04
9.610602510472602818e-05
8.834157084421823570e-05
9.213531975484603911e-05
1.125047236692413042e-04
8.758690523894081185e-05
9.699762117023813719e-05
8.329062061618182865e-05
8.064464141718295331e-05
8.508126302433962067e-05
8.018097270705993988e-05
8.556518262860890271e-05
7.393643745037612586e-05
7.851211211569458651e-05
7.611458722537833258e-05
7.606850593646148531e-05
8.923382171910987446e-05
7.621185608895366629e-05
7.489355900049582447e-05
7.444750567737046102e-05
8.837866975574722726e-05
5.898576196543017612e-05
8.813612397305354109e-05
5.987741974951157984e-05
6.639351795190120335e-05
6.515341960371682150e-05
8.343479746875352308e-05
6.429862457188836216e-05
6.016962906088724905e-05
7.210135687252406517e-05
5.574029816008766862e-05
7.654281947235184688e-05
7.140408611289827511e-05
7.024808324144795051e-05
5.386125694118086104e-05
5.545857619829054061e-05
6.619339657440956347e-05
5.892689496222496605e-05
6.487276178328526795e-05
6.633385708440098629e-05
3.886272898192454978e-05
6.048562807493645493e-05
5.981857904671173190e-05
5.099772442132673113e-05
5.902837677903215277e-05
4.791850831403121809e-05
5.085628364055200668e-05
4.157927659855740885e-05
5.235173906593310110e-05
4.964590235569690092e-05
5.241648098128638933e-05
4.199724030879046989e-05
5.593791719885507057e-05
5.101245349884687920e-05
5.674059080108214456e-05
5.438460278522124630e-05
5.418780690851167554e-05
5.354027496889707005e-05
3.892477272473732794e-05
3.438696136715186681e-05
4.968406683714513987e-05
3.056410994163830677e-05
3.694587013096034610e-05
3.963512242133275108e-05
3.854413119619877752e-05
3.393884296470480659e-05
3.786039762014021647e-05
2.551547379163417634e-05
2.850723236998984058e-05
4.157547251359846013e-05
3.139588649826704694e-05
3.473394285419023793e-05
3.914514586183964095e-05
3.600829224106036271e-05
4.407771241649305192e-05
