9.999986375006876260e-01
9.999705169699024676e-01
9.999265171323485912e-01
9.998563977066341479e-01
9.996910848621016754e-01
9.994283665243792747e-01
9.991505558171031032e-01
9.987156854537000417e-01
9.984311164480519363e-01
9.979716056735286056e-01
9.973183800707442481e-01
9.971800470845206821e-01
9.960052819132355628e-01
9.962428080312908385e-01
9.953881588874040620e-01
9.941772463146931749e-01
9.936371721306516136e-01
9.923103491234297469e-01
9.918976779791220943e-01
9.905491177904887090e-01
9.898051899540124543e-01
9.889487955269515851e-01
9.877158425876123582e-01
9.869032549323426551e-01
9.854829579851382970e-01
9.855441442210357561e-01
9.834956622955158823e-01
9.827702181544908377e-01
9.813154490749612657e-01
9.787766858369476575e-01
9.783095789552603838e-01
9.759177781598186163e-01
9.753718485709589325e-01
9.731687476542945081e-01
9.718840487121294114e-01
9.708442101692681403e-01
9.684881485151470848e-01
9.673215260460927833e-01
9.660120642619772768e-01
9.641541395778255863e-01
9.629760238965714425e-01
9.604319449115026330e-01
9.581829376438963930e-01
9.572831662475136394e-01
9.551838419608740249e-01
9.538262814035264325e-01
9.508904399939934748e-01
9.487346946848087548e-01
9.475351290228360979e-01
9.446160435934938260e-01
9.424785585721771053e-01
9.415114776276340969e-01
9.401853166165511366e-01
9.364731931454386427e-01
9.342306074206233601e-01
9.307018498182954014e-01
9.298759811429482269e-01
9.284857520905572814e-01
9.250991734059037519e-01
9.230337983153665826e-01
9.204293319445024935e-01
9.166549728060098268e-01
9.141289367682939870e-01
9.124047735880842502e-01
9.099279846526683313e-01
9.062195230181422367e-01
9.037873893179929619e-01
9.018315693704989089e-01
8.976666740814367440e-01
8.970241598550758866e-01
8.949606520513667673e-01
8.909922514299480900e-01
8.868238294075017070e-01
8.833355398010251935e-01
8.816402430852606775e-01
8.782199254345975925e-01
8.748029339067806553e-01
8.723979990622281466e-01
8.683029152623306102e-01
8.650815198421522023e-01
8.636444679249124512e-01
8.573168724631330395e-01
8.547397072993624390e-01
8.535473385376503019e-01
8.484927230897894024e-01
8.444859487041933566e-01
8.428973340095197164e-01
8.387506550919314741e-01
8.354834107371842400e-01
8.321315740130530436e-01
8.280516561358103322e-01
8.248836706122114615e-01
8.194169662812003097e-01
8.166261147194715520e-01
8.121882073615136477e-01
8.107269390471006920e-01
8.051470683729742284e-01
8.012365786334799678e-01
7.973549201122697161e-01
7.923012366308406218e-01
7.893457300217421313e-01
7.863198227037376808e-01
7.828744200013205701e-01
7.769255883529263551e-01
7.734971038443646529e-01
7.695677730089097723e-01
7.645655079771218610e-01
7.605367922771367750e-01
7.565181094904901427e-01
7.522745171603892889e-01
7.486139701786650447e-01
7.441734573903440175e-01
7.404924189369904708e-01
7.337854239079339980e-01
7.311025140837734693e-01
7.258525313822876690e-01
7.216785084702609376e-01
7.176657644179941231e-01
7.115526683656288043e-01
7.066857234884531547e-01
7.022656017669413053e-01
6.973259103771969336e-01
6.944188970048152942e-01
6.881392590714205948e-01
6.836364078782802833e-01
6.786440351433946638e-01
6.755526512381024862e-01
6.710890336069773587e-01
6.649142997853875192e-01
6.596887256159371660e-01
6.567997679418675627e-01
6.526538372588379655e-01
6.446409549460964117e-01
6.419476719527715813e-01
6.351098146066990191e-01
6.321068302534592620e-01
6.275792906450605724e-01
6.225807229492250627e-01
6.173466602771985334e-01
6.131145259633575817e-01
6.079398945056121439e-01
6.026106010320995132e-01
5.970658854793844394e-01
5.905593018711401410e-01
5.889029431045308405e-01
5.831628039557679166e-01
5.780202702262199344e-01
5.709723297104016826e-01
5.672581440012365306e-01
5.634306993899820259e-01
5.566032158045994827e-01
5.534589049766538427e-01
5.471045061815450472e-01
5.422438796383534099e-01
5.376138388416404901e-01
5.314430437522631445e-01
5.254860075259465413e-01
5.195295843547635961e-01
5.165238023412309643e-01
5.126060678747041965e-01
5.066239082990056097e-01
4.998509145888401783e-01
4.972221028752038530e-01
4.928232625692129387e-01
4.886515668595671213e-01
4.805030020704039728e-01
4.789573495191121744e-01
4.724885129302205944e-01
4.676720837712022849e-01
4.608951256993627510e-01
4.594017573771489449e-01
4.538535655698273108e-01
4.502136649133118840e-01
4.409594407495322499e-01
4.395794510588473814e-01
4.335423445270968346e-01
4.273792348118803930e-01
4.245496927817140054e-01
4.205969997866849663e-01
4.142349869371034221e-01
4.101645819382407354e-01
4.051606873482156423e-01
4.004095304602298122e-01
3.969918075134530877e-01
3.919527189168584003e-01
3.856526200149404948e-01
3.834005951767704978e-01
3.781116722943991260e-01
3.719596785809802797e-01
3.688882563318198193e-01
3.679578283917470660e-01
3.612489224571402979e-01
3.569269299865722167e-01
3.515789673906382085e-01
3.452677693569342621e-01
3.438125236349275915e-01
3.379837663945269299e-01
3.342907389028900722e-01
3.317148299150499136e-01
3.266661068900503784e-01
3.219646777732425025e-01
3.178011961147994002e-01
3.147554216189392129e-01
3.115622860269967043e-01
3.081567794096883306e-01
3.016522395266210133e-01
2.980778637315239510e-01
2.947242662827481152e-01
2.896859381768348007e-01
2.875707379191746460e-01
2.828393719959056973e-01
2.776879256151731368e-01
2.755081386159924373e-01
2.705245906130044897e-01
2.677245488583456789e-01
2.653971901291632407e-01
2.616041920303052160e-01
2.558530240458803950e-01
2.533343375966465860e-01
2.503797350077653361e-01
2.477533100556987555e-01
2.438851306270031494e-01
2.391857722043385648e-01
2.357985791960275912e-01
2.326982808257536395e-01
2.312296072985670359e-01
2.250878929947130735e-01
2.227077639536610143e-01
2.214678290071487032e-01
2.155566863910372555e-01
2.143300035091588729e-01
2.122985337774728754e-01
2.080709729277210041e-01
2.054672878059197461e-01
2.022849082456956438e-01
1.984893529271188339e-01
1.965194178120144852e-01
1.925036144303724495e-01
1.894142413110566914e-01
1.866605209824118150e-01
1.840725944565761441e-01
1.804996593755038015e-01
1.797904632074395215e-01
1.770981936171436288e-01
1.744999172229789730e-01
1.725200715230837956e-01
1.675892563964893889e-01
1.682394041811604568e-01
1.635932643687702248e-01
1.625299407910420491e-01
1.584093147490918951e-01
1.571371606199213344e-01
1.544231265449029222e-01
1.519668941235566006e-01
1.501484451148312471e-01
1.467173404597799935e-01
1.459900085510252299e-01
1.424527763868153052e-01
1.412483296946982492e-01
1.382406210851404027e-01
1.357774381732234359e-01
1.341345761716521423e-01
1.329434253207240624e-01
1.300954591753259726e-01
1.281869040768927881e-01
1.266122389509190538e-01
1.236467532528432167e-01
1.218400075485553263e-01
1.210896772324026038e-01
1.190835540938827986e-01
1.173793090794027633e-01
1.155450706661788340e-01
1.134890480411304692e-01
1.118061567609650309e-01
1.100461455654049014e-01
1.081497723331897864e-01
1.066567604889513687e-01
1.050090337417786124e-01
1.028847283659162087e-01
1.016111121759776525e-01
9.961466942925657764e-02
9.793634229064768215e-02
9.525814495530222914e-02
9.495012066282873531e-02
9.295749456828684976e-02
9.231663362508320259e-02
8.970710229093158128e-02
9.009661640692606666e-02
8.839785956385093346e-02
8.752371478060513854e-02
8.515493173914934211e-02
8.395960375524191832e-02
8.223899029620823642e-02
8.049431796478924428e-02
8.088283113465458141e-02
7.917795354885666381e-02
7.695914680081338000e-02
7.650455307334470823e-02
7.604084608695861613e-02
7.310175064517919485e-02
7.235479822575188735e-02
7.073674742176944141e-02
7.089235700300314247e-02
6.892203690439005492e-02
6.873248564663320126e-02
6.710662546802692585e-02
6.645234766314596364e-02
6.498389157937214944e-02
6.423360640922338993e-02
6.313606365118575037e-02
6.227316296384386579e-02
6.148971658821910519e-02
6.010402685249929128e-02
5.878000974021964364e-02
5.781111762557317874e-02
5.706865447223700982e-02
5.553826310264455002e-02
5.576767890709602438e-02
5.459708701237241113e-02
5.357257948361695415e-02
5.297260298854804955e-02
5.226886714101967868e-02
5.173594005544670388e-02
5.050501178897501275e-02
4.969756391169865423e-02
4.885172575045140103e-02
4.841718138718351799e-02
4.743041406339403715e-02
4.658639946820199856e-02
4.507047232466362963e-02
4.534590541328778479e-02
4.425293772283219601e-02
4.363147094580537705e-02
4.274566872363980835e-02
4.166399888893577985e-02
4.113659839780259286e-02
4.096170804810592148e-02
4.015681123395859614e-02
3.954263927446089594e-02
3.942870787438347568e-02
3.835113499005542853e-02
3.774590951925936577e-02
3.732084913797549530e-02
3.613225379199031667e-02
3.543890243974809340e-02
3.530173178024263031e-02
3.468459259192997052e-02
3.406612404719526477e-02
3.402301397992710252e-02
3.283844086528937833e-02
3.272842340509757308e-02
3.248751520786413022e-02
3.174416424703933870e-02
3.157045559262350309e-02
3.065649303063500836e-02
3.071594204818018856e-02
2.958034369879489894e-02
2.913209705507116901e-02
2.879396017982631048e-02
2.807074203633943069e-02
2.809523645029330177e-02
2.743094742824459323e-02
2.715665346911224146e-02
2.674377752111034914e-02
2.614952382538918152e-02
2.580499764924610098e-02
2.550917239656407681e-02
2.509179575901421266e-02
2.464795792494496249e-02
2.427866104300597030e-02
2.354218141861304583e-02
2.374672662825881575e-02
2.334385545710431983e-02
2.271497268774726880e-02
2.235428175824143507e-02
2.199501217942814724e-02
2.192538019353299297e-02
2.129994568758755355e-02
2.126955969507967475e-02
2.094567976468139636e-02
2.022225361937410662e-02
2.002422476146329886e-02
1.999065692241701331e-02
1.990051713338957320e-02
1.915868514649474857e-02
1.891807712575756251e-02
1.862650357480187882e-02
1.839360034312647815e-02
1.830885127380438640e-02
1.750988535026650958e-02
1.756578356692845011e-02
1.707386447517581646e-02
1.689073372388570290e-02
1.700401595051627759e-02
1.623983225288716872e-02
1.621154316583637775e-02
1.607948447283241017e-02
1.553886169150384480e-02
1.550667452352275100e-02
1.507120268635520066e-02
1.495823741365483010e-02
1.452685750901621872e-02
1.483006969374163833e-02
1.420684597230667881e-02
1.447309996238494920e-02
1.383960650568638422e-02
1.360774673900744594e-02
1.348000053848284058e-02
1.298340328930027571e-02
1.303088382701307960e-02
1.286058092753060086e-02
1.279285766573050841e-02
1.277289130924369812e-02
1.229021778785946949e-02
1.221758755508017651e-02
1.188028199824795253e-02
1.140362683907951424e-02
1.158506360908625153e-02
1.156276696823116748e-02
1.151489795376023188e-02
1.110818040178013916e-02
1.097404677651868735e-02
1.061276227247318939e-02
1.077065245489553652e-02
1.049248630364804820e-02
1.056967884309952324e-02
1.024628628373123670e-02
1.013592904033908636e-02
9.831479263528440996e-03
9.555522836254735919e-03
9.387815155473110823e-03
9.411583033626451725e-03
9.522431991887828420e-03
9.214888863198024416e-03
9.006698594347909911e-03
8.985384416469855903e-03
8.871373477008873479e-03
8.686008706540458355e-03
8.453484143837742756e-03
8.422678096035609435e-03
8.456015695653866862e-03
8.193978889596387205e-03
8.009988845725547757e-03
7.754649863188198614e-03
7.687888036798045874e-03
7.623629552385159137e-03
7.704697864985917896e-03
7.281918814555867273e-03
7.092663964134459688e-03
7.359518026260183053e-03
6.969588409061725984e-03
6.983139031530171022e-03
7.015443346256826709e-03
6.830446995581412016e-03
6.543506345013191776e-03
6.611650739157759471e-03
6.707000924314619923e-03
6.614093510335814982e-03
6.150056757838572377e-03
6.123441267251025430e-03
6.269334139871805649e-03
6.080105446606684505e-03
6.127089253522475208e-03
5.844416138675886593e-03
5.981265974908666315e-03
5.571028374220250712e-03
5.599416207701085786e-03
5.591394585963225389e-03
5.446555857789477963e-03
5.393788791788253073e-03
5.342723364468800369e-03
5.415509167365743434e-03
5.070084234358352045e-03
4.903996871714204168e-03
5.023422911026214147e-03
4.876992257347954711e-03
4.799567321684184741e-03
4.745983915330552298e-03
4.708132749783734521e-03
4.711153792872082267e-03
4.655017417899522288e-03
4.611846756403746236e-03
4.504256791375793774e-03
4.308102388745666152e-03
4.305281882898459415e-03
4.282773232986965793e-03
4.120523818620866474e-03
4.083910342878223701e-03
4.228013460169564863e-03
4.102589018713245599e-03
4.017278227395975308e-03
4.001230587151652536e-03
4.015742411655035676e-03
3.850030158900698534e-03
3.808974418687275949e-03
3.755176941658028723e-03
3.666571258566346265e-03
3.550130023324895700e-03
3.665144083823447703e-03
3.545266398852258555e-03
3.397727624125614163e-03
3.537394607694537615e-03
3.428920896366950515e-03
3.419814217101601207e-03
3.372033724390689335e-03
3.254059525365860309e-03
3.238357912172830193e-03
3.125375761098424850e-03
3.140987944962898328e-03
3.126997829767747417e-03
3.010109489765432599e-03
2.991360931019557221e-03
2.994576164280902779e-03
2.852645039498489989e-03
2.915537811134751543e-03
2.858934881852327747e-03
2.846194182685222226e-03
2.890327226803204082e-03
2.845275511371908334e-03
2.767286118539295445e-03
2.836367309655937405e-03
2.534299127255075675e-03
2.688577469535546449e-03
2.587592754457964522e-03
2.494973181844007456e-03
2.516491323816694419e-03
2.475509821193967296e-03
2.462913609436462835e-03
2.429749310655814586e-03
2.432484218754312356e-03
2.314751848053397346e-03
2.251238630168176779e-03
2.279641727606361665e-03
2.279775418682527394e-03
2.192497608541865185e-03
2.270330569553951402e-03
2.194999273677630900e-03
2.087788597913305382e-03
2.218497797051117212e-03
2.112664767096433024e-03
2.067794416437829935e-03
2.005120324660119961e-03
1.987942460626632244e-03
2.093689589068749649e-03
1.996448394472807343e-03
2.007243458835987135e-03
1.937858020094506990e-03
1.816029603410281848e-03
1.825895197189947869e-03
1.891045916892244256e-03
1.822131584249131984e-03
1.762364382394561099e-03
1.726962638226241459e-03
1.729481534324244299e-03
1.670076543642056875e-03
1.742547811131562848e-03
1.726591605200196791e-03
1.684355307868440604e-03
1.660771696985211855e-03
1.673299440615987326e-03
1.560190011817569854e-03
1.665208004795527960e-03
1.555278077468241456e-03
1.555743773145799825e-03
1.445398052217749954e-03
1.458255027477871422e-03
1.432747364075840279e-03
1.378459210405931891e-03
1.451036273927398292e-03
1.497819303350434025e-03
1.376147568161433573e-03
1.375054360658822371e-03
1.389732157791630533e-03
1.361730872021516643e-03
1.363299012234245409e-03
1.305575177725895640e-03
1.233961632989928050e-03
1.299402197826960174e-03
1.310117962616975463e-03
1.302644871145270007e-03
1.205929638633594257e-03
1.247183324387592107e-03
1.209172080216002138e-03
1.250132760496019176e-03
1.105826639853357439e-03
1.170042465586676027e-03
1.166308286924894883e-03
1.130728205407493430e-03
1.169970236746598665e-03
1.085428084622037720e-03
1.098943022944507200e-03
1.121106095470299820e-03
1.094539832793690404e-03
1.105234456742109489e-03
1.057738423256835737e-03
1.040810838682439989e-03
1.003368618384260823e-03
9.505319742807980844e-04
9.811143436679837723e-04
9.888219508833956482e-04
9.747926783807235986e-04
9.702156886839193202e-04
9.709392988903892000e-04
8.769286308633910581e-04
9.095976783554582303e-04
9.588176405107952729e-04
9.231524304531812377e-04
8.472203051294448055e-04
8.912605687641903147e-04
8.505996597419634856e-04
8.202347270584035887e-04
8.357065373867299208e-04
8.506816819992393591e-04
8.183566515650412968e-04
8.205416549632908946e-04
8.101997153840255093e-04
7.633241496022732898e-04
7.908499850570770758e-04
7.175757105728259753e-04
7.773741558724806683e-04
7.654608799405000557e-04
7.667333623560207510e-04
6.914403749532409618e-04
7.462413222351046201e-04
7.157061639796194691e-04
6.819157347186647657e-04
6.811257756339941880e-04
6.879027845197505965e-04
6.792412967803843635e-04
6.695897381084538625e-04
6.410150700204350757e-04
6.721194817956152243e-04
6.393129849213084184e-04
5.879035109913230113e-04
6.298931290643121567e-04
6.490253125410268189e-04
5.916177929865871045e-04
6.034224106270396921e-04
5.828541010997118814e-04
5.759824659513667396e-04
5.818052190714324530e-04
5.580383333246175404e-04
5.304383443669854949e-04
5.618532553937312986e-04
6.053931080401651075e-04
5.293279596261754073e-04
5.460704385984487463e-04
5.417602286177827624e-04
5.378530009352022485e-04
5.288414577899584485e-04
5.551613546919965643e-04
4.722680088816026732e-04
4.941650255115425001e-04
5.101928817962130035e-04
4.879831258464915325e-04
4.902727559888263743e-04
4.992327919591285461e-04
4.753811513130122308e-04
4.534028943709645428e-04
4.520914388467767403e-04
4.470860802590942060e-04
4.576649730216626874e-04
4.534520756708239580e-04
4.054813051203924015e-04
4.460940809634288476e-04
4.461323704279517846e-04
4.151889976224123428e-04
3.921703099461767506e-04
4.119778306812974596e-04
3.836009095895820940e-04
3.932612135166807911e-04
3.902046029614729666e-04
4.054952100217154793e-04
4.173092077870635820e-04
3.900309226486026247e-04
3.486681682997169935e-04
3.818656218703827751e-04
3.595416405270260101e-04
3.630906785816712091e-04
3.825937596127646986e-04
3.648990715366124803e-04
3.459894087076573416e-04
3.380432598500792275e-04
3.729228123287498171e-04
3.406709522739965849e-04
3.493693304653369886e-04
3.305576469195127369e-04
3.556349996524968654e-04
3.308328668844180156e-04
3.219653844148476218e-04
3.402152163801638895e-04
3.171012634093415107e-04
3.115312164145438742e-04
3.196405567872236358e-04
3.349433448451092634e-04
3.195331909617602308e-04
2.780231905943317846e-04
3.239576393781058955e-04
3.156758681710620748e-04
