9.999993690573654170e-01
9.999823115576159660e-01
9.999567868797660797e-01
9.999145700709267670e-01
9.998168327139730360e-01
9.996578709157941667e-01
9.994927653996388273e-01
9.992313546112361333e-01
9.990587392128672528e-01
9.987886686116300705e-01
9.983998533235316497e-01
9.983018144066250210e-01
9.975946603374766797e-01
9.977305591264216122e-01
9.972414396582821583e-01
9.965011347207101133e-01
9.961670504310761176e-01
9.953204475792594152e-01
9.951278207846209201e-01
9.943128853562492875e-01
9.938430648966080083e-01
9.933355917184210071e-01
9.925796299238335285e-01
9.920762580003237296e-01
9.912320138314034690e-01
9.912740417344030330e-01
9.900999088944215654e-01
9.896062234104061606e-01
9.887930341338528883e-01
9.872403268154134048e-01
9.868596767185668917e-01
9.855051799257112943e-01
9.851414026711523553e-01
9.838454289456954882e-01
9.831597729034995403e-01
9.825360902803934593e-01
9.814182383098363216e-01
9.805659750231051630e-01
9.797458822468105843e-01
9.787146263612024333e-01
9.779586082420579363e-01
9.765721973948531254e-01
9.749860796370486415e-01
9.749023376485086434e-01
9.733456221475660364e-01
9.725108667349695590e-01
9.709716345675480920e-01
9.694954583522460423e-01
9.688674320393486639e-01
9.670894748781523331e-01
9.663065898243835550e-01
9.656263524317139080e-01
9.648011955312701948e-01
9.625754213380554036e-01
9.610595390065193033e-01
9.591080011568118291e-01
9.588430649556562990e-01
9.582719023567919381e-01
9.559327729469053736e-01
9.551957302174484132e-01
9.536539077646519758e-01
9.515037880358305777e-01
9.502871460999340325e-01
9.490625673653907413e-01
9.473510632525357078e-01
9.458550636049074534e-01
9.443062062564911985e-01
9.431628333163444289e-01
9.405614730879828800e-01
9.403330638443968548e-01
9.390491673369135706e-01
9.369781398277545748e-01
9.351035554544732120e-01
9.330073785862125213e-01
9.315971078843716668e-01
9.300148902945235552e-01
9.277998068922174157e-01
9.270785152911892313e-01
9.249569914200358456e-01
9.230756614202196841e-01
9.220235857735316065e-01
9.187230346883408227e-01
9.172524882132121471e-01
9.167028054910506540e-01
9.138316426165370432e-01
9.119634176789039870e-01
9.107146609584171326e-01
9.095587680143173426e-01
9.072919791666650413e-01
9.049212336671322854e-01
9.025424057956661361e-01
9.018519185497577695e-01
8.985890515526013811e-01
8.959885327558547718e-01
8.938974796520805510e-01
8.934125253957397872e-01
8.910753538562946607e-01
8.885246642134051465e-01
8.871420929240122488e-01
8.849407516433777099e-01
8.827501348254613855e-01
8.811354541217022440e-01
8.798689176080956020e-01
8.771319967966304532e-01
8.754747401694495945e-01
8.721159197813657116e-01
8.695112920708408799e-01
8.676012897695736248e-01
8.653903321966002204e-01
8.631769762795117318e-01
8.617182750104726008e-01
8.593204622163290729e-01
8.580606825195019605e-01
8.545316581345714368e-01
8.534810445058912398e-01
8.496366882781488661e-01
8.477217656534214996e-01
8.452497428379898148e-01
8.427911466320898715e-01
8.393534257126165077e-01
8.384859512713673801e-01
8.361030448322765984e-01
8.333586816028343280e-01
8.307050395022848033e-01
8.294353316497501405e-01
8.259434899208323300e-01
8.237866794134194315e-01
8.222085087038837337e-01
8.183125359621672423e-01
8.161952375521726033e-01
8.143629422654803385e-01
8.114975118197120807e-01
8.084283858685545887e-01
8.055281036283972185e-01
8.044679332599130595e-01
8.012731953860263712e-01
7.990698292598021890e-01
7.967787459338155909e-01
7.940745474204909948e-01
7.917757473073694374e-01
7.883814140755086575e-01
7.859910127858070750e-01
7.829345476405492610e-01
7.792759003673764839e-01
7.782323567908111528e-01
7.766583103625628315e-01
7.727093535420699322e-01
7.699380715418764343e-01
7.684464471999680191e-01
7.647510404973105747e-01
7.603943737875418218e-01
7.588234736955145054e-01
7.559615663364310789e-01
7.519628012337630230e-01
7.518359339919484796e-01
7.474467806268795256e-01
7.436853214131008416e-01
7.413419670993196542e-01
7.391502322078854492e-01
7.356892447608124330e-01
7.327449422235799981e-01
7.300008287268691110e-01
7.272695279826130177e-01
7.246102842563932889e-01
7.218601697146439511e-01
7.175165247305280714e-01
7.158832268906557550e-01
7.127216560860412109e-01
7.099198436000312418e-01
7.067148945953618533e-01
7.054347060379578815e-01
7.006963881842196429e-01
6.971935749662577786e-01
6.959425763575847190e-01
6.935799532336689444e-01
6.901521346621484199e-01
6.867755166095286246e-01
6.853649881715601078e-01
6.807650840340754295e-01
6.774817423285335316e-01
6.742405078557647258e-01
6.710460324664183629e-01
6.682094327504025655e-01
6.664655282238468592e-01
6.622062885364563556e-01
6.612239442981606707e-01
6.566074117455856785e-01
6.528547130807900167e-01
6.507947533347758773e-01
6.477879507807370318e-01
6.439424164074517565e-01
6.400283971230208424e-01
6.382614579427868806e-01
6.339598320400465781e-01
6.329188352309168542e-01
6.291187679691944146e-01
6.246065680504473416e-01
6.222529747836279546e-01
6.189710407624573474e-01
6.175308415577311916e-01
6.145073479444169706e-01
6.111864994878746238e-01
6.076068528668517876e-01
6.038881984026395200e-01
6.033616317941357110e-01
5.971770650037290240e-01
5.965781223300032909e-01
5.910720409429697231e-01
5.888442172122125839e-01
5.853810352365538261e-01
5.816138825846950411e-01
5.787738213502507945e-01
5.755734973919105490e-01
5.724343516837693269e-01
5.694384295347850733e-01
5.655609533605131523e-01
5.642607683094497117e-01
5.600295821762946158e-01
5.583110282613574782e-01
5.542246543211709620e-01
5.513113874315243024e-01
5.485114057137884247e-01
5.447585032149649953e-01
5.405584189978979159e-01
5.398148541414283796e-01
5.366054905127386476e-01
5.329016543481229773e-01
5.289268016015628016e-01
5.274928893160120147e-01
5.235958938995489698e-01
5.219223116126578965e-01
5.179428668278209802e-01
5.131926929775494362e-01
5.116361987567600300e-01
5.087999027629250826e-01
5.038422152394987918e-01
5.019868593144234392e-01
4.998936458905210434e-01
4.959090697257541591e-01
4.932905513536381403e-01
4.885670768706535938e-01
4.879927062858300246e-01
4.837758133458173737e-01
4.822475310952279437e-01
4.785465969546541798e-01
4.745442014481484616e-01
4.712847573942209323e-01
4.690363513262822415e-01
4.654987633589051099e-01
4.629151062151737328e-01
4.594683729716630971e-01
4.573280442406982282e-01
4.534793258692688678e-01
4.490279184939747203e-01
4.456915721882264703e-01
4.450006973015671052e-01
4.435349929758806709e-01
4.389780096336942106e-01
4.352395696184070406e-01
4.344917608529821895e-01
4.315869825259724402e-01
4.267223995642870915e-01
4.244065864492186924e-01
4.217023300010425135e-01
4.188724740170567395e-01
4.169909727135390209e-01
4.138497019070142002e-01
4.107029001027204806e-01
4.074313204263895760e-01
4.061500424826613997e-01
4.010780333001624509e-01
3.998536539740519258e-01
3.968347578196148029e-01
3.941311438656328603e-01
3.902228523079950828e-01
3.872793960954462600e-01
3.846963922593887863e-01
3.826843665343336309e-01
3.788360057645220880e-01
3.757854131508043261e-01
3.740218835572889367e-01
3.734095961555329302e-01
3.702430600940467276e-01
3.688059730221776578e-01
3.632683589563528992e-01
3.620412772063242302e-01
3.587776351663760077e-01
3.568263916416772874e-01
3.528542156700596455e-01
3.497542590745278956e-01
3.477121894656268197e-01
3.458910894825225624e-01
3.437788630066268003e-01
3.413701411172527789e-01
3.377396982054288177e-01
3.357887070794434714e-01
3.325159756557605206e-01
3.302223747654424169e-01
3.289377345129884667e-01
3.258369291322083527e-01
3.235424031538809420e-01
3.216014157834332643e-01
3.187901267048035003e-01
3.168318128991823857e-01
3.139120185748460745e-01
3.114822049460944653e-01
3.090067943308453247e-01
3.062951299327748012e-01
3.023723848229556976e-01
3.025271339227985079e-01
2.993076652232942725e-01
2.965089890146456741e-01
2.954252991945802709e-01
2.913494490925346292e-01
2.898461448478202307e-01
2.872295971860922004e-01
2.857513210115092406e-01
2.842701397380176243e-01
2.825175923461703542e-01
2.795219058929697686e-01
2.779099587484001876e-01
2.744186491989091259e-01
2.725428273764221032e-01
2.692001297382000669e-01
2.684409346643052419e-01
2.656179223042592352e-01
2.650491442142456910e-01
2.606685984429758518e-01
2.594735689167225745e-01
2.570326901636987293e-01
2.550204761064931991e-01
2.528693467437595488e-01
2.508392756586172445e-01
2.491401621974367042e-01
2.474643652850468389e-01
2.446827661009282340e-01
2.433369653409274413e-01
2.400179825672374700e-01
2.394757338619335207e-01
2.375795823374033666e-01
2.352175456248278285e-01
2.344732964271606379e-01
2.306087116589590202e-01
2.299894294039215858e-01
2.277513163486824810e-01
2.254060200187253393e-01
2.241165921846592080e-01
2.219185420123315211e-01
2.197383343041840742e-01
2.181159465231947425e-01
2.170281105742534467e-01
2.149475468616197926e-01
2.129774172333959714e-01
2.116134269082204644e-01
2.085878114337519074e-01
2.074733932614260812e-01
2.061394208366254532e-01
2.043934620246473932e-01
2.019622097330928401e-01
2.009716507181770473e-01
1.986044246541894265e-01
1.977545121977552778e-01
1.956102484058457880e-01
1.938674991427541128e-01
1.916477204392681710e-01
1.911792718038649586e-01
1.893556660043805573e-01
1.873368020911618803e-01
1.854515574076467110e-01
1.837804570954837402e-01
1.840642456192888299e-01
1.805726009642091567e-01
1.805593219719344444e-01
1.777679346876077093e-01
1.764363584761541592e-01
1.755520937142905080e-01
1.736280587303822565e-01
1.718041897629218329e-01
1.704749231851347413e-01
1.693962509079704193e-01
1.665902081322307715e-01
1.659224683902347786e-01
1.649705207223822467e-01
1.631106960778656856e-01
1.609904950516441724e-01
1.609021906045256800e-01
1.593448150600293156e-01
1.579450561230202610e-01
1.561018739403340905e-01
1.549447110070924227e-01
1.538690731652589405e-01
1.523727279306939519e-01
1.511332741934070523e-01
1.500040058537183141e-01
1.477431229295411708e-01
1.470236489064290775e-01
1.454092828889819167e-01
1.447336880019884919e-01
1.429337791555707060e-01
1.425386419624171397e-01
1.408748728450160970e-01
1.399830985055726118e-01
1.378799089169366610e-01
1.368882298391724817e-01
1.358662588922887327e-01
1.345074910488016084e-01
1.337024416407965599e-01
1.315246016840854737e-01
1.316285326461443528e-01
1.295684355223600259e-01
1.289535330846673378e-01
1.282915528711068565e-01
1.270722811070689462e-01
1.252063118636463634e-01
1.241634663755293716e-01
1.237432133410460988e-01
1.222494471532861449e-01
1.209898095267014917e-01
1.197841801365830128e-01
1.194122749350210733e-01
1.177092256415105953e-01
1.169840664724820234e-01
1.154110671581836112e-01
1.143599561160564965e-01
1.130401332267806092e-01
1.121460288207456329e-01
1.119153392708449740e-01
1.103627174288731166e-01
1.095740533819108131e-01
1.092516087592609875e-01
1.083523440025238871e-01
1.059179948676138849e-01
1.059100200327467156e-01
1.053370124686729692e-01
1.035314553138238780e-01
1.031940457738817624e-01
1.026898988501212806e-01
1.012724016851064557e-01
1.005625493989631830e-01
9.907729347023820632e-02
9.864031587190358330e-02
9.801511211988818417e-02
9.702952299591643959e-02
9.637365882976706155e-02
9.470103737763060914e-02
9.362170767783886682e-02
9.317463945633458478e-02
9.280864198892954664e-02
9.188465599930141503e-02
9.101594133795207209e-02
8.965143550067662670e-02
8.915628520850742145e-02
8.845406626226527680e-02
8.796586500762393346e-02
8.667718329396341403e-02
8.613583062399589318e-02
8.546488240288772908e-02
8.482486261351930568e-02
8.335125864978744359e-02
8.314107047716594312e-02
8.163035681301877844e-02
8.138692732296576304e-02
8.115185970794738801e-02
8.022245486120851976e-02
8.002938541268629635e-02
7.863880747309560937e-02
7.716028833577920354e-02
7.733400704168079398e-02
7.648579314915258942e-02
7.608153414548364524e-02
7.510149334656225639e-02
7.440051879135366197e-02
7.407658604202568831e-02
7.301466294440214777e-02
7.233024712396163292e-02
7.148857343387662877e-02
7.116550769122141629e-02
7.052208567083190216e-02
7.028898152521199927e-02
6.953529335056349292e-02
6.888284532028958462e-02
6.886033467372021377e-02
6.699268501476846049e-02
6.684873714541043899e-02
6.644848299195045549e-02
6.535088515888268224e-02
6.551746565052607441e-02
6.447015818931811637e-02
6.387264236935466521e-02
6.354083035652223488e-02
6.282704229455245148e-02
6.229951000614639828e-02
6.202514532270308328e-02
6.095527571373324932e-02
6.088569185225738839e-02
5.976470610036834635e-02
5.929035757883597407e-02
5.842780070840011136e-02
5.824828427154942617e-02
5.806231712642242332e-02
5.793192427881858897e-02
5.683606782388096745e-02
5.667674273691353237e-02
5.588337792596964615e-02
5.505921830295996272e-02
5.482708198352674589e-02
5.480754967543127049e-02
5.405826225528151396e-02
5.314826189487817376e-02
5.314039226708121982e-02
5.236543591623891991e-02
5.223314365663288272e-02
5.173385618428769095e-02
5.106602741212967755e-02
5.079918047565557676e-02
5.024054297198767699e-02
4.978230846396785453e-02
4.921717163871192069e-02
4.885081603364629932e-02
4.867610886095916772e-02
4.745874519495214133e-02
4.703788466966394438e-02
4.725922291796860741e-02
4.675482202488025207e-02
4.650725507874623604e-02
4.602963577472209133e-02
4.541841427912891166e-02
4.523783461047849175e-02
4.459000568582621726e-02
4.449200348222778767e-02
4.393859229951396772e-02
4.340616380467036267e-02
4.370139464995449058e-02
4.273467176555789671e-02
4.275566403523949760e-02
4.222002013337793763e-02
4.134395518141567583e-02
4.153763056731959308e-02
4.092804747770933949e-02
4.063574741318496525e-02
4.034104846548201839e-02
4.000052524834608186e-02
3.994713177865714254e-02
3.932515509664485931e-02
3.888954415832670403e-02
3.858618995464060952e-02
3.811326363610008372e-02
3.778152359180027980e-02
3.764476288624368089e-02
3.724907450811394682e-02
3.704806823428236084e-02
3.675232536774238057e-02
3.657359711272401698e-02
3.604766956809893341e-02
3.558773368450298541e-02
3.534823042236202167e-02
3.506421548607540489e-02
3.518770644026084082e-02
3.475630328271688690e-02
3.428232886700789683e-02
3.371643973171797870e-02
3.341315013019050678e-02
3.301920976931913693e-02
3.293207052882774627e-02
3.259075061152250097e-02
3.239402874650303826e-02
3.212178006531720559e-02
3.222691375256991203e-02
3.175455964602015568e-02
3.124739275806440869e-02
3.104025984769873472e-02
3.058333846367028083e-02
3.072807496634248625e-02
3.041653898078854404e-02
2.989158917819139533e-02
2.996173967180890824e-02
2.930441330087589502e-02
2.934153202655147633e-02
2.915262894163960297e-02
2.862350866422090634e-02
2.837521062401242647e-02
2.806471217289834702e-02
2.796489465129054983e-02
2.763680044720083842e-02
2.738694970365252931e-02
2.725152409664970826e-02
2.688724619157381937e-02
2.683770266584611236e-02
2.669208478626538747e-02
2.631188341173102893e-02
2.593669888617215410e-02
2.578218305043254374e-02
2.550911935990446064e-02
2.546379114778966543e-02
2.534129307009969773e-02
2.486705680709437941e-02
2.480905999105253654e-02
2.481633555843173675e-02
2.423146734447629777e-02
2.399149834289827574e-02
2.397415941293296049e-02
2.379823277977238458e-02
2.356460961256030134e-02
2.322162920646500886e-02
2.337471677105347131e-02
2.294169782130566632e-02
2.262330816694689550e-02
2.252436047789583076e-02
2.254261022581498936e-02
2.240591249734614349e-02
2.225162134364185723e-02
2.180525374397932273e-02
2.172283078529071293e-02
2.144774267094460077e-02
2.115650954814898843e-02
2.099832258935361434e-02
2.085517724946833046e-02
2.067013849231436051e-02
2.053890071396016412e-02
2.061121014222883768e-02
2.062977868595319147e-02
2.020230842488597925e-02
2.006887499828191243e-02
1.972589630318234352e-02
1.964566364656114908e-02
1.943582493270641295e-02
1.920912805340246193e-02
1.918890976783789101e-02
1.888813570925527638e-02
1.894971863708123233e-02
1.853257043910833124e-02
1.859366577490805320e-02
1.833566983966582881e-02
1.834006792697956759e-02
1.819135875730213195e-02
1.782729827559230429e-02
1.760536662381520859e-02
1.773662158296757108e-02
1.764895713955684162e-02
1.735100480085215863e-02
1.733662255302183958e-02
1.689252917865404283e-02
1.712558873464881809e-02
1.672830809237181235e-02
1.669472904949022979e-02
1.657530614216208217e-02
1.625824850124429899e-02
1.619615455063713738e-02
1.606611571482038231e-02
1.583596460905093220e-02
1.588730846026026669e-02
1.564346046861720546e-02
1.542828658761877941e-02
1.537012984448328859e-02
1.536966737494730936e-02
1.508585923325820970e-02
1.530883263505889748e-02
1.520258060841817027e-02
1.499690672456694546e-02
1.470398383182923256e-02
1.454384071599755697e-02
1.439771146000773556e-02
1.435012788596730718e-02
1.421396322293994735e-02
1.409377869936662836e-02
1.395861033675417119e-02
1.375639610802752676e-02
1.382019631377924725e-02
1.377320037673226104e-02
1.361719042415954380e-02
1.345587277385652640e-02
1.322380396440365688e-02
1.324659488962525930e-02
1.322031147103487451e-02
1.293154165794983129e-02
1.292955250669056318e-02
1.284987750166323439e-02
1.258782401811705913e-02
1.259140540869067328e-02
1.265185304062017499e-02
1.250815374490148874e-02
1.224098328147149757e-02
1.221306014303906104e-02
1.210744923436400493e-02
1.205479387737544254e-02
1.191361778145765341e-02
1.177070379124039654e-02
1.188325466874092830e-02
1.174652554490934926e-02
1.150217122903993486e-02
1.152396506529742952e-02
1.137852465028808477e-02
1.123690239928970894e-02
1.116721894048445553e-02
1.116960417653874854e-02
1.114226823331670307e-02
1.093728822048303448e-02
1.087191704357161684e-02
1.088868053770421403e-02
