# k, measured, A_mod, ctr. term
1.570796299999999840e-02 9.998074790826193547e-01 9.999878051372238508e-01 9.999878051374115895e-01
3.141592700000000321e-02 9.998242857861253663e-01 9.999512360494188234e-01 9.999512360501687791e-01
4.712389000000000161e-02 9.998850583611317289e-01 9.998903392028738457e-01 9.998903392045584981e-01
6.283185299999999307e-02 9.997088728064306151e-01 9.998051918682158146e-01 9.998051918712037578e-01
7.853981599999999841e-02 9.994718511781588433e-01 9.996959018833811994e-01 9.996959018880356984e-01
9.424778000000000322e-02 9.994739197055345636e-01 9.995626073021381952e-01 9.995626073088164087e-01
1.099557399999999963e-01 9.992667719853030039e-01 9.994054760272731430e-01 9.994054760363236811e-01
1.256637100000000118e-01 9.990577620897089783e-01 9.992247050233594718e-01 9.992247050351221738e-01
1.413716700000000048e-01 9.988518867797006040e-01 9.990205202891241365e-01 9.990205203039276283e-01
1.570796299999999979e-01 9.986353311402370592e-01 9.987931754369271387e-01 9.987931754550879448e-01
1.727876000000000134e-01 9.983832279971879275e-01 9.985429511920346224e-01 9.985429512138568331e-01
1.884955600000000064e-01 9.982188375066209929e-01 9.982701550808862345e-01 9.982701551066595069e-01
2.042035199999999995e-01 9.978664872102954719e-01 9.979751195475533576e-01 9.979751195775515837e-01
2.199114899999999873e-01 9.975931160718775059e-01 9.976582013741042143e-01 9.976582014085856320e-01
2.356194500000000080e-01 9.972505247113466753e-01 9.973197812947867114e-01 9.973197813339922391e-01
2.513274099999999733e-01 9.969044967271428748e-01 9.969602616750747881e-01 9.969602617192271365e-01
2.670353799999999889e-01 9.965298449988715390e-01 9.965800658970513926e-01 9.965800659463548428e-01
2.827433400000000097e-01 9.961507266751767897e-01 9.961796379431148152e-01 9.961796379977542193e-01
2.984512999999999749e-01 9.957545330926111937e-01 9.957594397032040190e-01 9.957594397633440231e-01
3.141592699999999905e-01 9.953254000117105482e-01 9.953199503730857378e-01 9.953199504388714480e-01
3.298672300000000113e-01 9.948639809755029928e-01 9.948616660542147772e-01 9.948616661257699834e-01
3.455751899999999766e-01 9.943500898016996992e-01 9.943850967596264967e-01 9.943850968370540055e-01
3.612831599999999921e-01 9.939261042775556776e-01 9.938907658732958339e-01 9.938907659566775799e-01
3.769911200000000129e-01 9.934495439024459973e-01 9.933792098121912995e-01 9.933792099015879007e-01
3.926990799999999782e-01 9.927483178195768421e-01 9.928509748021249193e-01 9.928509748975756777e-01
4.084070399999999990e-01 9.922755291162675961e-01 9.923066167947710570e-01 9.923066168962939582e-01
4.241150100000000145e-01 9.916925222386280270e-01 9.917466994763244337e-01 9.917466995839163690e-01
4.398229699999999798e-01 9.910209549695473408e-01 9.911717943973444855e-01 9.911717945109818073e-01
4.555309300000000006e-01 9.905992979593617465e-01 9.905824775473724975e-01 9.905824776670104637e-01
4.712389000000000161e-01 9.900600582756640122e-01 9.899793291212399815e-01 9.899793292468143102e-01
4.869468599999999814e-01 9.893590918472402462e-01 9.893629334790511320e-01 9.893629336104775573e-01
5.026548199999999467e-01 9.887775573343025037e-01 9.887338756409410623e-01 9.887338757781161114e-01
5.183627899999999622e-01 9.880094388109182946e-01 9.880927412378268659e-01 9.880927413806281923e-01
5.340707500000000385e-01 9.873186602110747279e-01 9.874401166463476764e-01 9.874401167946349478e-01
5.497787100000000038e-01 9.867830683858169749e-01 9.867765854554590987e-01 9.867765856090746635e-01
5.654866800000000193e-01 9.862435163805860494e-01 9.861027286201445863e-01 9.861027287789140283e-01
5.811946399999999846e-01 9.851985530224312004e-01 9.854191247866087577e-01 9.854191249503418959e-01
5.969025999999999499e-01 9.847009910315319692e-01 9.847263467730232867e-01 9.847263469415142856e-01
6.126105699999999654e-01 9.839880422593593190e-01 9.840249619351434385e-01 9.840249621081718079e-01
6.283185300000000417e-01 9.831738502627302978e-01 9.833155326878736391e-01 9.833155328652058991e-01
6.440264900000000070e-01 9.826058226193397083e-01 9.825986130329658064e-01 9.825986132143553764e-01
6.597344600000000225e-01 9.817434106751175005e-01 9.818747491365050761e-01 9.818747493216934963e-01
6.754424199999999878e-01 9.809873128270970577e-01 9.811444800445430214e-01 9.811444802332605075e-01
6.911503799999999531e-01 9.803762468134277208e-01 9.804083342815383961e-01 9.804083344735051719e-01
7.068583499999999686e-01 9.793506876272062289e-01 9.796668306318075947e-01 9.796668308267345582e-01
7.225663100000000449e-01 9.788522289584086211e-01 9.789204790397038058e-01 9.789204792372929731e-01
7.382742700000000102e-01 9.779185157166889741e-01 9.781697772945554537e-01 9.781697774945016244e-01
7.539822400000000258e-01 9.772152804273177562e-01 9.774152120017549628e-01 9.774152122037457202e-01
7.696901999999999910e-01 9.765726771102610781e-01 9.766572596522267169e-01 9.766572598559438712e-01
7.853981599999999563e-01 9.756249560446993430e-01 9.758963834028355766e-01 9.758963836079557197e-01
8.011061299999999719e-01 9.749544544552150027e-01 9.751330342179694854e-01 9.751330344241652126e-01
8.168140900000000482e-01 9.742268744678044268e-01 9.743676520888886472e-01 9.743676522958285569e-01
8.325220500000000134e-01 9.733306473268112935e-01 9.736006629131619405e-01 9.736006631205118556e-01
8.482300200000000290e-01 9.727231903058435325e-01 9.728324797843944660e-01 9.728324799918184329e-01
8.639379799999999943e-01 9.720599563684620970e-01 9.720635043394267871e-01 9.720635045465871871e-01
8.796459399999999595e-01 9.712730968328704417e-01 9.712941237363151847e-01 9.712941239428739548e-01
8.953539099999999751e-01 9.704193108579686200e-01 9.705247120681290696e-01 9.705247122737480359e-01
9.110618700000000514e-01 9.697602448344947446e-01 9.697556318147458887e-01 9.697556320190875434e-01
9.267698300000000167e-01 9.687707339019651087e-01 9.689872309160965091e-01 9.689872311188247878e-01
9.424778000000000322e-01 9.682273538269503543e-01 9.682198442855175502e-01 9.682198444862978315e-01
9.581857599999999975e-01 9.673001512633496723e-01 9.674537953428525849e-01 9.674537955413530232e-01
9.738937199999999628e-01 9.666598252028287819e-01 9.666893931779593219e-01 9.666893933738505140e-01
9.896016899999999783e-01 9.660236802585876470e-01 9.659269341397159758e-01 9.659269343326722934e-01
1.005309599999999914e+00 9.651710668634698731e-01 9.651667058440931424e-01 9.651667060337922877e-01
1.036725600000000025e+00 9.633585698145411547e-01 9.636539989616116353e-01 9.636539991438485275e-01
1.068141500000000077e+00 9.619518613981221655e-01 9.621533114183387081e-01 9.621533115918809997e-01
1.099557399999999907e+00 9.606092516915081259e-01 9.606664770169879297e-01 9.606664771806473491e-01
1.130973400000000018e+00 9.597203880701389300e-01 9.591951474118032284e-01 9.591951475644399094e-01
1.162389300000000070e+00 9.569330742582817795e-01 9.577408139485282801e-01 9.577408140890546484e-01
1.193805199999999900e+00 9.564202302064015448e-01 9.563047880377500976e-01 9.563047881651333126e-01
1.225221099999999952e+00 9.552464816084232924e-01 9.548882287624690379e-01 9.548882288757333248e-01
1.256637100000000062e+00 9.539633300219656498e-01 9.534921427786724468e-01 9.534921428769005392e-01
1.288052999999999892e+00 9.520962895652216318e-01 9.521174111266567097e-01 9.521174112089909602e-01
1.319468899999999945e+00 9.511189781136284438e-01 9.507647716422680251e-01 9.507647717079101835e-01
1.350884799999999997e+00 9.499701883683095982e-01 9.494348457697439070e-01 9.494348458179554529e-01
1.382300800000000107e+00 9.483672561187665995e-01 9.481281387483220247e-01 9.481281387784235015e-01
1.413716699999999937e+00 9.470888515401905128e-01 9.468450647182796720e-01 9.468450647296496880e-01
1.445132599999999989e+00 9.458731804083689854e-01 9.455859300143896196e-01 9.455859300064635153e-01
1.476548500000000042e+00 9.455361027527617868e-01 9.443509578026252349e-01 9.443509577748938622e-01
1.507964499999999930e+00 9.439640801084709931e-01 9.431402876367486199e-01 9.431402875887562320e-01
1.539380399999999982e+00 9.422176097278083251e-01 9.419539979888489345e-01 9.419539979201915214e-01
1.570796300000000034e+00 9.409353045496223755e-01 9.407920899335899811e-01 9.407920898439128266e-01
1.602212299999999923e+00 9.396391665881905775e-01 9.396545054723776103e-01 9.396545053613741816e-01
1.633628199999999975e+00 9.385226427127207893e-01 9.385411440685366147e-01 9.385411439359450103e-01
1.665044100000000027e+00 9.368538648941445723e-01 9.374518465533768774e-01 9.374518463989788275e-01
1.696460000000000079e+00 9.367255739055387886e-01 9.363864149372786994e-01 9.363864147608961241e-01
1.727875999999999967e+00 9.365612554009017376e-01 9.353446103491901420e-01 9.353446101506839305e-01
1.759291900000000020e+00 9.340693789052952889e-01 9.343261707445633668e-01 9.343261705238302683e-01
1.790707800000000072e+00 9.326459185609852209e-01 9.333307951832425786e-01 9.333307949402135373e-01
1.822123699999999902e+00 9.322564666429916658e-01 9.323581610121625118e-01 9.323581607468005572e-01
1.853539700000000012e+00 9.308206945781476449e-01 9.314079210525105790e-01 9.314079207648079395e-01
1.884955600000000064e+00 9.295189003549187978e-01 9.304797188604331248e-01 9.304797185504100066e-01
1.916371499999999894e+00 9.293981713781238607e-01 9.295731735341501434e-01 9.295731732018523985e-01
1.947787399999999947e+00 9.286519349621193964e-01 9.286878945734293733e-01 9.286878942189263908e-01
1.979203400000000057e+00 9.274450263497485691e-01 9.278234785452312838e-01 9.278234781686147681e-01
