# k, measured, A_mod, ctr. term
1.570796299999999840e-02 1.001211694075565761e+00 9.998497005170783325e-01 9.998497005216849809e-01
3.141592700000000321e-02 1.000891557443771340e+00 9.994000604073703942e-01 9.994000604257079479e-01
4.712389000000000161e-02 1.000269728148978077e+00 9.986548286121034179e-01 9.986548286530320118e-01
6.283185299999999307e-02 9.991395976205625917e-01 9.976201667763938685e-01 9.976201668483437590e-01
7.853981599999999841e-02 9.974574222020901049e-01 9.963045231283872427e-01 9.963045232392054862e-01
9.424778000000000322e-02 9.961446219892872156e-01 9.947184624201095282e-01 9.947184625769261990e-01
1.099557399999999963e-01 9.940983298896777232e-01 9.928744593567809806e-01 9.928744595658959282e-01
1.256637100000000118e-01 9.917802681685413679e-01 9.907866581554712893e-01 9.907866584222663198e-01
1.413716700000000048e-01 9.895524735419333195e-01 9.884706200586874658e-01 9.884706203875641695e-01
1.570796299999999979e-01 9.864517766757640027e-01 9.859430422200771149e-01 9.859430426144201176e-01
1.727876000000000134e-01 9.833616638665889642e-01 9.832214831645443853e-01 9.832214836267113567e-01
1.884955600000000064e-01 9.808682884331705321e-01 9.803240933125100254e-01 9.803240938438430030e-01
2.042035199999999995e-01 9.769383813760195157e-01 9.772693389452840051e-01 9.772693395461459209e-01
2.199114899999999873e-01 9.740039164898014468e-01 9.740757569780317260e-01 9.740757576478566993e-01
2.356194500000000080e-01 9.698303698518425664e-01 9.707617320071580957e-01 9.707617327445208222e-01
2.513274099999999733e-01 9.666359639307026130e-01 9.673452786568723649e-01 9.673452794595677195e-01
2.670353799999999889e-01 9.625443001774679486e-01 9.638438683869806622e-01 9.638438692521111850e-01
2.827433400000000097e-01 9.585020922981895009e-01 9.602742851427268356e-01 9.602742860667961011e-01
2.984512999999999749e-01 9.546381045367472451e-01 9.566524884963973907e-01 9.566524894754054875e-01
3.141592699999999905e-01 9.509476968472522218e-01 9.529935238956354082e-01 9.529935249251724194e-01
3.298672300000000113e-01 9.468601082698622218e-01 9.493114592946179098e-01 9.493114603699568388e-01
3.455751899999999766e-01 9.432262854448540956e-01 9.456193244962904920e-01 9.456193256124738600e-01
3.612831599999999921e-01 9.389626497921697013e-01 9.419290929592546435e-01 9.419290941111756466e-01
3.769911200000000129e-01 9.346778241151866284e-01 9.382516826876460270e-01 9.382516838701223660e-01
3.926990799999999782e-01 9.306036883041501895e-01 9.345969522491700543e-01 9.345969534570106596e-01
4.084070399999999990e-01 9.276477083598748674e-01 9.309737339751708030e-01 9.309737352032340096e-01
4.241150100000000145e-01 9.233806628769644087e-01 9.273898642576312579e-01 9.273898655008756542e-01
4.398229699999999798e-01 9.193098710976995713e-01 9.238522363024811446e-01 9.238522375560076494e-01
4.555309300000000006e-01 9.163685693311430791e-01 9.203668366402830703e-01 9.203668378993701271e-01
4.712389000000000161e-01 9.132345797145646760e-01 9.169388069320278944e-01 9.169388081921595601e-01
4.869468599999999814e-01 9.092920566828925910e-01 9.135725080799792508e-01 9.135725093368670668e-01
5.026548199999999467e-01 9.055432891983757893e-01 9.102715662829152787e-01 9.102715675325134814e-01
5.183627899999999622e-01 9.032461324339391417e-01 9.070389391413388180e-01 9.070389403798552186e-01
5.340707500000000385e-01 8.997854914740940346e-01 9.038769802334852832e-01 9.038769814573877071e-01
5.497787100000000038e-01 8.970050646329832400e-01 9.007874837745163399e-01 9.007874849805338480e-01
5.654866800000000193e-01 8.950719579360233435e-01 8.977717458122389527e-01 8.977717469973615083e-01
5.811946399999999846e-01 8.923293797167319852e-01 8.948306219447746956e-01 8.948306231062485017e-01
5.969025999999999499e-01 8.886937606017507596e-01 8.919645649990995961e-01 8.919645661344212106e-01
6.126105699999999654e-01 8.870122785395878617e-01 8.891736770368597886e-01 8.891736781437675763e-01
6.283185300000000417e-01 8.840752706757344370e-01 8.864577572300388342e-01 8.864577583065038624e-01
6.440264900000000070e-01 8.823697753141614974e-01 8.838163306645422379e-01 8.838163317087579518e-01
6.597344600000000225e-01 8.795465836423844719e-01 8.812486900883569341e-01 8.812486910987271660e-01
6.754424199999999878e-01 8.779156389604240163e-01 8.787539336337412132e-01 8.787539346088690806e-01
6.911503799999999531e-01 8.756873966144657073e-01 8.763309849912296334e-01 8.763309859299047710e-01
7.068583499999999686e-01 8.735213428412795800e-01 8.739786255977053386e-01 8.739786264988929076e-01
7.225663100000000449e-01 8.723001087274704357e-01 8.716955232662219055e-01 8.716955241290499368e-01
7.382742700000000102e-01 8.706751846020106544e-01 8.694802449857148563e-01 8.694802458094624820e-01
7.539822400000000258e-01 8.677639870590907467e-01 8.673312810147174590e-01 8.673312817988036993e-01
7.696901999999999910e-01 8.670856441145664562e-01 8.652470660036563066e-01 8.652470667476288568e-01
7.853981599999999563e-01 8.649576971267987080e-01 8.632259859853412820e-01 8.632259866888665201e-01
8.011061299999999719e-01 8.639317936326796898e-01 8.612663960166597743e-01 8.612663966795121029e-01
8.168140900000000482e-01 8.621558672482799723e-01 8.593666354227835757e-01 8.593666360448356523e-01
8.325220500000000134e-01 8.607959377508884735e-01 8.575250304800253742e-01 8.575250310612403393e-01
8.482300200000000290e-01 8.598685220251723882e-01 8.557399071236037047e-01 8.557399076640251900e-01
8.639379799999999943e-01 8.594249784314071938e-01 8.540096017596832123e-01 8.540096022594283465e-01
8.796459399999999595e-01 8.574383906728708649e-01 8.523324609165831012e-01 8.523324613758349599e-01
8.953539099999999751e-01 8.553483518490692106e-01 8.507068502918950781e-01 8.507068507108953570e-01
9.110618700000000514e-01 8.541218130128159780e-01 8.491311623158738220e-01 8.491311626949170632e-01
9.267698300000000167e-01 8.526596161543587016e-01 8.476038137791177540e-01 8.476038141185449071e-01
9.424778000000000322e-01 8.505295640964396497e-01 8.461232522257097211e-01 8.461232525259030357e-01
9.581857599999999975e-01 8.503038674527357843e-01 8.446879611882235350e-01 8.446879614496013433e-01
9.738937199999999628e-01 8.486854733773085968e-01 8.432964565491430919e-01 8.432964567721550342e-01
9.896016899999999783e-01 8.478706494690330109e-01 8.419472910449266045e-01 8.419472912300498546e-01
1.005309599999999914e+00 8.465439726506202023e-01 8.406390619637748030e-01 8.406390621115101824e-01
1.036725600000000025e+00 8.439182300336901532e-01 8.381399433211789152e-01 8.381399433957150702e-01
1.068141500000000077e+00 8.412030147450445527e-01 8.357886307018429495e-01 8.357886307053803421e-01
1.099557399999999907e+00 8.376546657776108296e-01 8.335752572718913012e-01 8.335752572067087751e-01
1.130973400000000018e+00 8.390643203217609258e-01 8.314905786972632828e-01 8.314905785656836468e-01
1.162389300000000070e+00 8.357678328316779925e-01 8.295259740436543572e-01 8.295259738480171841e-01
1.193805199999999900e+00 8.325512267819384915e-01 8.276733828905317170e-01 8.276733826331688082e-01
1.225221099999999952e+00 8.311758855373899690e-01 8.259253051801879186e-01 8.259253048634066507e-01
1.256637100000000062e+00 8.299060799960130685e-01 8.242747598628172856e-01 8.242747594888856222e-01
1.288052999999999892e+00 8.255433210390846765e-01 8.227152750517570112e-01 8.227152746228931779e-01
1.319468899999999945e+00 8.263354005932619373e-01 8.212408257433089220e-01 8.212408252616734128e-01
1.350884799999999997e+00 8.226580821116307174e-01 8.198458247350444150e-01 8.198458242027332199e-01
1.382300800000000107e+00 8.207766990757847658e-01 8.185250836085979920e-01 8.185250830276393774e-01
1.413716699999999937e+00 8.177830055933965614e-01 8.172738009590221342e-01 8.172738003313733124e-01
1.445132599999999989e+00 8.175458929536341124e-01 8.160875102163066552e-01 8.160875095438531179e-01
1.476548500000000042e+00 8.153312734383237892e-01 8.149620711896773395e-01 8.149620704742316368e-01
1.507964499999999930e+00 8.143417533133017194e-01 8.138936384859258855e-01 8.138936377292281810e-01
1.539380399999999982e+00 8.120324495178166124e-01 8.128786525324498413e-01 8.128786517361689112e-01
1.570796300000000034e+00 8.101687682511525823e-01 8.119137983171300643e-01 8.119137974828642967e-01
1.602212299999999923e+00 8.080665283756615080e-01 8.109959969179156847e-01 8.109959960471948559e-01
1.633628199999999975e+00 8.084161682236692403e-01 8.101223955733357629e-01 8.101223946676234799e-01
1.665044100000000027e+00 8.048017686933583992e-01 8.092903335383078156e-01 8.092903325990028485e-01
1.696460000000000079e+00 8.051319362752701325e-01 8.084973385478444463e-01 8.084973375762836145e-01
1.727875999999999967e+00 8.046212599431654677e-01 8.077411072992479735e-01 8.077411062967079225e-01
1.759291900000000020e+00 8.024439874120480320e-01 8.070195018997755598e-01 8.070195008674754256e-01
1.790707800000000072e+00 8.004899618341135836e-01 8.063305234016200362e-01 8.063305223407241096e-01
1.822123699999999902e+00 8.010569621876379998e-01 8.056723104622197651e-01 8.056723093738396013e-01
1.853539700000000012e+00 7.985289705294617013e-01 8.050431247274993929e-01 8.050431236126956991e-01
1.884955600000000064e+00 7.971218850959136404e-01 8.044413493706569218e-01 8.044413482304425544e-01
1.916371499999999894e+00 7.945360511057635300e-01 8.038654684546746587e-01 8.038654672900162890e-01
1.947787399999999947e+00 7.947469879316066965e-01 8.033140670912956027e-01 8.033140659031163811e-01
1.979203400000000057e+00 7.934105081712805596e-01 8.027858204434277223e-01 8.027858192326089437e-01
