1.570796326794896653e-03 5.171417480468750000e+03
4.712388980384689743e-03 9.085371093750000000e+03
7.853981633974483484e-03 1.090332617187500000e+04
1.099557428756427549e-02 1.211044628906250000e+04
1.413716694115407096e-02 1.439458398437500000e+04
1.727875959474386297e-02 1.439399511718750000e+04
2.042035224833365498e-02 1.395154589843750000e+04
2.356194490192345045e-02 1.153754492187500000e+04
2.670353755551324246e-02 1.183005664062500000e+04
2.984513020910303793e-02 1.124550292968750000e+04
3.298672286269282994e-02 1.015618554687500000e+04
3.612831551628262194e-02 8.850438476562500000e+03
3.926990816987241395e-02 8.811987304687500000e+03
4.241150082346220596e-02 7.411288574218750000e+03
4.555309347705200490e-02 7.383563476562500000e+03
4.869468613064179691e-02 6.855016601562500000e+03
5.183627878423158891e-02 6.554622558593750000e+03
5.497787143782138092e-02 6.309105468750000000e+03
5.811946409141117986e-02 6.221146484375000000e+03
6.126105674500097187e-02 5.762902343750000000e+03
6.440264939859076387e-02 5.480968261718750000e+03
6.754424205218055588e-02 5.217455078125000000e+03
7.068583470577034789e-02 5.291094238281250000e+03
7.382742735936013989e-02 4.841492187500000000e+03
7.696902001294993190e-02 4.495559082031250000e+03
8.011061266653972390e-02 4.249769531250000000e+03
8.325220532012952979e-02 4.055633789062500000e+03
8.639379797371932179e-02 3.758728759765625000e+03
8.953539062730911380e-02 3.623514892578125000e+03
9.267698328089890580e-02 3.326504394531250000e+03
9.581857593448869781e-02 3.041474121093750000e+03
9.896016858807848982e-02 2.975368896484375000e+03
1.021017612416682818e-01 2.732435058593750000e+03
1.052433538952580738e-01 2.621453857421875000e+03
1.083849465488478658e-01 2.504414794921875000e+03
1.115265392024376578e-01 2.374049072265625000e+03
1.146681318560274498e-01 2.312536132812500000e+03
1.178097245096172418e-01 2.284760498046875000e+03
1.209513171632070477e-01 2.216717041015625000e+03
1.240929098167968397e-01 2.169790771484375000e+03
1.272345024703866456e-01 2.082202148437500000e+03
1.303760951239764099e-01 2.015122802734375000e+03
1.335176877775662296e-01 1.945625854492187500e+03
1.366592804311559939e-01 1.897872314453125000e+03
1.398008730847458136e-01 1.790583862304687500e+03
1.429424657383355779e-01 1.715006225585937500e+03
1.460840583919253977e-01 1.660396850585937500e+03
1.492256510455151619e-01 1.570500732421875000e+03
1.523672436991049817e-01 1.505464111328125000e+03
1.555088363526947459e-01 1.433993164062500000e+03
1.586504290062845657e-01 1.369382324218750000e+03
1.617920216598743299e-01 1.312621582031250000e+03
1.649336143134641497e-01 1.285915893554687500e+03
1.680752069670539417e-01 1.222870483398437500e+03
1.712167996206437337e-01 1.190901000976562500e+03
1.743583922742335535e-01 1.152349731445312500e+03
1.774999849278233177e-01 1.111581542968750000e+03
1.806415775814131375e-01 1.090601074218750000e+03
1.837831702350029017e-01 1.061625854492187500e+03
1.869247628885927215e-01 1.031830322265625000e+03
1.900663555421824857e-01 9.978999633789062500e+02
1.932079481957723055e-01 9.947969970703125000e+02
1.963495408493620697e-01 9.552371826171875000e+02
1.994911335029518895e-01 9.165363159179687500e+02
2.026327261565416538e-01 8.991140747070312500e+02
2.057743188101314735e-01 8.686307373046875000e+02
2.089159114637212378e-01 8.534906616210937500e+02
2.120575041173110575e-01 8.163216552734375000e+02
2.151990967709008218e-01 7.856572265625000000e+02
2.183406894244906415e-01 7.648902587890625000e+02
2.214822820780804058e-01 7.457823486328125000e+02
2.246238747316702256e-01 7.223018798828125000e+02
2.277654673852599898e-01 6.910194091796875000e+02
2.309070600388498096e-01 6.837803344726562500e+02
2.340486526924396016e-01 6.556662597656250000e+02
2.371902453460293936e-01 6.414829101562500000e+02
2.403318379996192133e-01 6.271241455078125000e+02
2.434734306532089776e-01 6.114825439453125000e+02
2.466150233067987974e-01 6.006262207031250000e+02
2.497566159603885616e-01 5.854633178710937500e+02
2.528982086139783814e-01 5.684605712890625000e+02
2.560398012675681456e-01 5.569390258789062500e+02
2.591813939211579099e-01 5.433286743164062500e+02
2.623229865747477296e-01 5.280581665039062500e+02
2.654645792283375494e-01 5.216368408203125000e+02
2.686061718819273136e-01 5.010888977050781250e+02
2.717477645355171334e-01 4.906419372558593750e+02
2.748893571891068976e-01 4.764890136718750000e+02
2.780309498426967174e-01 4.688898010253906250e+02
2.811725424962865372e-01 4.510886230468750000e+02
2.843141351498763014e-01 4.443798217773437500e+02
2.874557278034660657e-01 4.321510314941406250e+02
2.905973204570558854e-01 4.247345275878906250e+02
2.937389131106457052e-01 4.150921630859375000e+02
2.968805057642354694e-01 4.038269042968750000e+02
3.000220984178252337e-01 3.959311523437500000e+02
3.031636910714150535e-01 3.862867431640625000e+02
3.063052837250048732e-01 3.758866271972656250e+02
3.094468763785946375e-01 3.698815612792968750e+02
3.125884690321844017e-01 3.634152526855468750e+02
3.157300616857742215e-01 3.564183654785156250e+02
3.188716543393640412e-01 3.481608276367187500e+02
3.220132469929538055e-01 3.400108947753906250e+02
3.251548396465435697e-01 3.352648010253906250e+02
3.282964323001333895e-01 3.269688415527343750e+02
3.314380249537232093e-01 3.191716003417968750e+02
3.345796176073129735e-01 3.134678344726562500e+02
3.377212102609027933e-01 3.061406555175781250e+02
3.408628029144925575e-01 2.988105773925781250e+02
3.440043955680823773e-01 2.958967895507812500e+02
3.471459882216721970e-01 2.880804748535156250e+02
3.502875808752619613e-01 2.838630676269531250e+02
3.534291735288517255e-01 2.786071777343750000e+02
3.565707661824415453e-01 2.708445739746093750e+02
3.597123588360313651e-01 2.662020568847656250e+02
3.628539514896211293e-01 2.605110473632812500e+02
3.659955441432108936e-01 2.559846954345703125e+02
3.691371367968007133e-01 2.508682861328125000e+02
3.722787294503905331e-01 2.463173980712890625e+02
3.754203221039802973e-01 2.407346343994140625e+02
3.785619147575700616e-01 2.369216003417968750e+02
3.817035074111598814e-01 2.328531036376953125e+02
3.848451000647497011e-01 2.283634490966796875e+02
3.879866927183394654e-01 2.240606536865234375e+02
3.911282853719292296e-01 2.211209716796875000e+02
3.942698780255190494e-01 2.161214141845703125e+02
3.974114706791088691e-01 2.120034790039062500e+02
4.005530633326986334e-01 2.084544372558593750e+02
4.036946559862884532e-01 2.046020355224609375e+02
4.068362486398782174e-01 2.016936950683593750e+02
4.099778412934680372e-01 1.987095947265625000e+02
4.131194339470578569e-01 1.945022735595703125e+02
4.162610266006476212e-01 1.903938598632812500e+02
4.194026192542373854e-01 1.865695343017578125e+02
4.225442119078272052e-01 1.838555145263671875e+02
4.256858045614170249e-01 1.802492675781250000e+02
4.288273972150067892e-01 1.769642944335937500e+02
4.319689898685965534e-01 1.753122253417968750e+02
4.351105825221863732e-01 1.716539764404296875e+02
4.382521751757761930e-01 1.689356994628906250e+02
4.413937678293659572e-01 1.655360870361328125e+02
4.445353604829557215e-01 1.633577423095703125e+02
4.476769531365455412e-01 1.607863769531250000e+02
4.508185457901353610e-01 1.576647644042968750e+02
4.539601384437251252e-01 1.549176177978515625e+02
4.571017310973148895e-01 1.525221710205078125e+02
4.602433237509047093e-01 1.508931579589843750e+02
4.633849164044945290e-01 1.471421356201171875e+02
4.665265090580842933e-01 1.453617248535156250e+02
4.696681017116741130e-01 1.436155548095703125e+02
4.728096943652638773e-01 1.413105468750000000e+02
4.759512870188536970e-01 1.394070129394531250e+02
4.790928796724435168e-01 1.366312561035156250e+02
4.822344723260332811e-01 1.343131866455078125e+02
4.853760649796230453e-01 1.325655670166015625e+02
4.885176576332128651e-01 1.305402069091796875e+02
4.916592502868026848e-01 1.285931701660156250e+02
4.948008429403924491e-01 1.261753768920898438e+02
4.979424355939822133e-01 1.240245208740234375e+02
5.010840282475720331e-01 1.231934738159179688e+02
5.042256209011618528e-01 1.207616653442382812e+02
5.073672135547515616e-01 1.195828247070312500e+02
5.105088062083413813e-01 1.177995605468750000e+02
5.136503988619312011e-01 1.159765472412109375e+02
5.167919915155210209e-01 1.138314666748046875e+02
5.199335841691108406e-01 1.120921020507812500e+02
5.230751768227005494e-01 1.109225387573242188e+02
5.262167694762903691e-01 1.085889129638671875e+02
5.293583621298801889e-01 1.072778549194335938e+02
5.324999547834698976e-01 1.061531066894531250e+02
5.356415474370597174e-01 1.047010574340820312e+02
5.387831400906495372e-01 1.033797302246093750e+02
5.419247327442393569e-01 1.007567062377929688e+02
5.450663253978291767e-01 9.979535675048828125e+01
5.482079180514189964e-01 9.826159667968750000e+01
5.513495107050087052e-01 9.723410797119140625e+01
5.544911033585985249e-01 9.606021881103515625e+01
5.576326960121883447e-01 9.451744842529296875e+01
5.607742886657780534e-01 9.336770629882812500e+01
5.639158813193678732e-01 9.226398468017578125e+01
5.670574739729576930e-01 9.074378967285156250e+01
5.701990666265475127e-01 8.962899780273437500e+01
5.733406592801373325e-01 8.810704803466796875e+01
5.764822519337270412e-01 8.686051177978515625e+01
5.796238445873168610e-01 8.613257598876953125e+01
5.827654372409066807e-01 8.481137084960937500e+01
5.859070298944963895e-01 8.378253173828125000e+01
5.890486225480862092e-01 8.233753204345703125e+01
5.921902152016760290e-01 8.154040527343750000e+01
5.953318078552658488e-01 8.033769989013671875e+01
5.984734005088556685e-01 7.923897552490234375e+01
6.016149931624453773e-01 7.870878601074218750e+01
6.047565858160351970e-01 7.736164093017578125e+01
6.078981784696250168e-01 7.652743530273437500e+01
6.110397711232148366e-01 7.543746948242187500e+01
6.141813637768045453e-01 7.454585266113281250e+01
6.173229564303943651e-01 7.354795837402343750e+01
6.204645490839841848e-01 7.274777221679687500e+01
6.236061417375740046e-01 7.161213684082031250e+01
6.267477343911638243e-01 7.066917419433593750e+01
6.298893270447535331e-01 6.994119262695312500e+01
6.330309196983433528e-01 6.902909851074218750e+01
6.361725123519331726e-01 6.828909301757812500e+01
6.393141050055228813e-01 6.711978912353515625e+01
6.424556976591127011e-01 6.634740447998046875e+01
6.455972903127025209e-01 6.601705169677734375e+01
6.487388829662923406e-01 6.491839599609375000e+01
6.518804756198821604e-01 6.436825561523437500e+01
6.550220682734718691e-01 6.352244949340820312e+01
6.581636609270616889e-01 6.281344223022460938e+01
6.613052535806515086e-01 6.169831466674804688e+01
6.644468462342412174e-01 6.114274978637695312e+01
6.675884388878310371e-01 6.046693801879882812e+01
6.707300315414208569e-01 5.975630950927734375e+01
6.738716241950106767e-01 5.918456268310546875e+01
6.770132168486004964e-01 5.861170196533203125e+01
6.801548095021903162e-01 5.762188720703125000e+01
6.832964021557800249e-01 5.697909164428710938e+01
6.864379948093698447e-01 5.638406753540039062e+01
6.895795874629596645e-01 5.595530700683593750e+01
6.927211801165493732e-01 5.497071456909179688e+01
6.958627727701391930e-01 5.450939559936523438e+01
6.990043654237290127e-01 5.381128692626953125e+01
7.021459580773188325e-01 5.328128814697265625e+01
7.052875507309086522e-01 5.289723205566406250e+01
7.084291433844983610e-01 5.215779876708984375e+01
7.115707360380881807e-01 5.163338088989257812e+01
7.147123286916780005e-01 5.101567840576171875e+01
7.178539213452677092e-01 5.067221832275390625e+01
7.209955139988575290e-01 5.003466796875000000e+01
7.241371066524473488e-01 4.936685943603515625e+01
7.272786993060371685e-01 4.887532806396484375e+01
7.304202919596269883e-01 4.834023284912109375e+01
7.335618846132166970e-01 4.786540603637695312e+01
7.367034772668065168e-01 4.730051422119140625e+01
7.398450699203963365e-01 4.679733276367187500e+01
7.429866625739861563e-01 4.643977737426757812e+01
7.461282552275758650e-01 4.592149353027343750e+01
7.492698478811656848e-01 4.535312652587890625e+01
7.524114405347555046e-01 4.502395248413085938e+01
7.555530331883453243e-01 4.458900070190429688e+01
7.586946258419351441e-01 4.403912734985351562e+01
7.618362184955248528e-01 4.360827636718750000e+01
7.649778111491146726e-01 4.319256973266601562e+01
7.681194038027044924e-01 4.290208053588867188e+01
7.712609964562942011e-01 4.240073776245117188e+01
7.744025891098840209e-01 4.204555511474609375e+01
7.775441817634738406e-01 4.158098983764648438e+01
7.806857744170636604e-01 4.108171844482421875e+01
7.838273670706534801e-01 4.065234756469726562e+01
7.869689597242431889e-01 4.047686767578125000e+01
7.901105523778330086e-01 3.986350631713867188e+01
7.932521450314228284e-01 3.954876708984375000e+01
7.963937376850125371e-01 3.918941497802734375e+01
7.995353303386023569e-01 3.878244018554687500e+01
8.026769229921921767e-01 3.851167678833007812e+01
8.058185156457819964e-01 3.815526199340820312e+01
8.089601082993718162e-01 3.775851821899414062e+01
8.121017009529616359e-01 3.748961639404296875e+01
8.152432936065513447e-01 3.719603347778320312e+01
8.183848862601411644e-01 3.682363891601562500e+01
8.215264789137309842e-01 3.653940963745117188e+01
8.246680715673206929e-01 3.611750030517578125e+01
8.278096642209105127e-01 3.593332290649414062e+01
8.309512568745003325e-01 3.553578567504882812e+01
8.340928495280901522e-01 3.528913879394531250e+01
8.372344421816799720e-01 3.498173522949218750e+01
8.403760348352696807e-01 3.475138092041015625e+01
8.435176274888595005e-01 3.436248016357421875e+01
8.466592201424493203e-01 3.409059524536132812e+01
8.498008127960390290e-01 3.378367614746093750e+01
8.529424054496288488e-01 3.364534378051757812e+01
8.560839981032186685e-01 3.340789031982421875e+01
8.592255907568084883e-01 3.320682144165039062e+01
8.623671834103983080e-01 3.293638229370117188e+01
8.655087760639880168e-01 3.265592193603515625e+01
8.686503687175778365e-01 3.234790420532226562e+01
8.717919613711676563e-01 3.213436126708984375e+01
8.749335540247574761e-01 3.201325607299804688e+01
8.780751466783471848e-01 3.168672370910644531e+01
8.812167393319370046e-01 3.138069343566894531e+01
8.843583319855268243e-01 3.119067382812500000e+01
8.874999246391166441e-01 3.098368835449218750e+01
8.906415172927064638e-01 3.081546783447265625e+01
8.937831099462961726e-01 3.058042335510253906e+01
8.969247025998859923e-01 3.035058784484863281e+01
9.000662952534758121e-01 3.014269638061523438e+01
9.032078879070655208e-01 2.999451065063476562e+01
