1.570796326794896653e-03 9.040139648437500000e+03
4.712388980384689743e-03 1.095214843750000000e+04
7.853981633974483484e-03 1.209760351562500000e+04
1.099557428756427549e-02 1.189689941406250000e+04
1.413716694115407096e-02 1.569051757812500000e+04
1.727875959474386297e-02 1.376017285156250000e+04
2.042035224833365498e-02 1.441913574218750000e+04
2.356194490192345045e-02 1.315899121093750000e+04
2.670353755551324246e-02 1.178613769531250000e+04
2.984513020910303793e-02 1.141665917968750000e+04
3.298672286269282994e-02 1.043747167968750000e+04
3.612831551628262194e-02 1.029901757812500000e+04
3.926990816987241395e-02 8.758418945312500000e+03
4.241150082346220596e-02 8.493038085937500000e+03
4.555309347705200490e-02 7.814173828125000000e+03
4.869468613064179691e-02 7.017349121093750000e+03
5.183627878423158891e-02 6.730467285156250000e+03
5.497787143782138092e-02 6.725469726562500000e+03
5.811946409141117986e-02 6.467341796875000000e+03
6.126105674500097187e-02 6.100619628906250000e+03
6.440264939859076387e-02 5.856959472656250000e+03
6.754424205218055588e-02 5.895241210937500000e+03
7.068583470577034789e-02 5.532641113281250000e+03
7.382742735936013989e-02 5.254121093750000000e+03
7.696902001294993190e-02 5.033268554687500000e+03
8.011061266653972390e-02 4.771684570312500000e+03
8.325220532012952979e-02 4.430752929687500000e+03
8.639379797371932179e-02 4.180779296875000000e+03
8.953539062730911380e-02 3.934414550781250000e+03
9.267698328089890580e-02 3.720935058593750000e+03
9.581857593448869781e-02 3.450769775390625000e+03
9.896016858807848982e-02 3.273597167968750000e+03
1.021017612416682818e-01 3.187765136718750000e+03
1.052433538952580738e-01 3.049002929687500000e+03
1.083849465488478658e-01 2.904647460937500000e+03
1.115265392024376578e-01 2.801902099609375000e+03
1.146681318560274498e-01 2.775645751953125000e+03
1.178097245096172418e-01 2.731383544921875000e+03
1.209513171632070477e-01 2.585590820312500000e+03
1.240929098167968397e-01 2.569724365234375000e+03
1.272345024703866456e-01 2.470007568359375000e+03
1.303760951239764099e-01 2.412838623046875000e+03
1.335176877775662296e-01 2.348985839843750000e+03
1.366592804311559939e-01 2.293900878906250000e+03
1.398008730847458136e-01 2.196292480468750000e+03
1.429424657383355779e-01 2.113765869140625000e+03
1.460840583919253977e-01 2.039628906250000000e+03
1.492256510455151619e-01 1.975015258789062500e+03
1.523672436991049817e-01 1.897247070312500000e+03
1.555088363526947459e-01 1.813827758789062500e+03
1.586504290062845657e-01 1.735847900390625000e+03
1.617920216598743299e-01 1.691710449218750000e+03
1.649336143134641497e-01 1.636340576171875000e+03
1.680752069670539417e-01 1.592854125976562500e+03
1.712167996206437337e-01 1.547556518554687500e+03
1.743583922742335535e-01 1.520720214843750000e+03
1.774999849278233177e-01 1.463475219726562500e+03
1.806415775814131375e-01 1.456514404296875000e+03
1.837831702350029017e-01 1.415599243164062500e+03
1.869247628885927215e-01 1.411496704101562500e+03
1.900663555421824857e-01 1.368851806640625000e+03
1.932079481957723055e-01 1.341883544921875000e+03
1.963495408493620697e-01 1.328115112304687500e+03
1.994911335029518895e-01 1.289627075195312500e+03
2.026327261565416538e-01 1.256704956054687500e+03
2.057743188101314735e-01 1.226017944335937500e+03
2.089159114637212378e-01 1.187508300781250000e+03
2.120575041173110575e-01 1.168434204101562500e+03
2.151990967709008218e-01 1.150231689453125000e+03
2.183406894244906415e-01 1.118982666015625000e+03
2.214822820780804058e-01 1.093342041015625000e+03
2.246238747316702256e-01 1.050171142578125000e+03
2.277654673852599898e-01 1.032637451171875000e+03
2.309070600388498096e-01 1.019518310546875000e+03
2.340486526924396016e-01 9.971695556640625000e+02
2.371902453460293936e-01 9.925589599609375000e+02
2.403318379996192133e-01 9.610141601562500000e+02
2.434734306532089776e-01 9.535399169921875000e+02
2.466150233067987974e-01 9.366544799804687500e+02
2.497566159603885616e-01 9.150266723632812500e+02
2.528982086139783814e-01 8.998958129882812500e+02
2.560398012675681456e-01 8.831235351562500000e+02
2.591813939211579099e-01 8.716900024414062500e+02
2.623229865747477296e-01 8.604767456054687500e+02
2.654645792283375494e-01 8.456795654296875000e+02
2.686061718819273136e-01 8.354919433593750000e+02
2.717477645355171334e-01 8.115057373046875000e+02
2.748893571891068976e-01 8.047763671875000000e+02
2.780309498426967174e-01 7.890040283203125000e+02
2.811725424962865372e-01 7.775283203125000000e+02
2.843141351498763014e-01 7.639709472656250000e+02
2.874557278034660657e-01 7.500411376953125000e+02
2.905973204570558854e-01 7.382828369140625000e+02
2.937389131106457052e-01 7.301970825195312500e+02
2.968805057642354694e-01 7.151942749023437500e+02
3.000220984178252337e-01 7.103355712890625000e+02
3.031636910714150535e-01 6.971602172851562500e+02
3.063052837250048732e-01 6.890642089843750000e+02
3.094468763785946375e-01 6.813217773437500000e+02
3.125884690321844017e-01 6.707602539062500000e+02
3.157300616857742215e-01 6.601939697265625000e+02
3.188716543393640412e-01 6.536224365234375000e+02
3.220132469929538055e-01 6.423354492187500000e+02
3.251548396465435697e-01 6.337794799804687500e+02
3.282964323001333895e-01 6.302346801757812500e+02
3.314380249537232093e-01 6.167848510742187500e+02
3.345796176073129735e-01 6.151065063476562500e+02
3.377212102609027933e-01 6.066696166992187500e+02
3.408628029144925575e-01 5.977008666992187500e+02
3.440043955680823773e-01 5.890922851562500000e+02
3.471459882216721970e-01 5.839375000000000000e+02
3.502875808752619613e-01 5.789524536132812500e+02
3.534291735288517255e-01 5.668192138671875000e+02
3.565707661824415453e-01 5.621621093750000000e+02
3.597123588360313651e-01 5.561302490234375000e+02
3.628539514896211293e-01 5.495046997070312500e+02
3.659955441432108936e-01 5.444265747070312500e+02
3.691371367968007133e-01 5.356386718750000000e+02
3.722787294503905331e-01 5.299267578125000000e+02
3.754203221039802973e-01 5.253074340820312500e+02
3.785619147575700616e-01 5.193241577148437500e+02
3.817035074111598814e-01 5.137546997070312500e+02
3.848451000647497011e-01 5.077553710937500000e+02
3.879866927183394654e-01 5.040401916503906250e+02
3.911282853719292296e-01 4.976528320312500000e+02
3.942698780255190494e-01 4.927968139648437500e+02
3.974114706791088691e-01 4.864750671386718750e+02
4.005530633326986334e-01 4.830434875488281250e+02
4.036946559862884532e-01 4.777569274902343750e+02
4.068362486398782174e-01 4.737132568359375000e+02
4.099778412934680372e-01 4.695126342773437500e+02
4.131194339470578569e-01 4.642824707031250000e+02
4.162610266006476212e-01 4.596145324707031250e+02
4.194026192542373854e-01 4.549347229003906250e+02
4.225442119078272052e-01 4.494108581542968750e+02
4.256858045614170249e-01 4.458775329589843750e+02
4.288273972150067892e-01 4.413895263671875000e+02
4.319689898685965534e-01 4.383679199218750000e+02
4.351105825221863732e-01 4.341636352539062500e+02
4.382521751757761930e-01 4.322565307617187500e+02
4.413937678293659572e-01 4.274270324707031250e+02
4.445353604829557215e-01 4.205209960937500000e+02
4.476769531365455412e-01 4.217194519042968750e+02
4.508185457901353610e-01 4.168411254882812500e+02
4.539601384437251252e-01 4.138164367675781250e+02
4.571017310973148895e-01 4.104002990722656250e+02
4.602433237509047093e-01 4.056223449707031250e+02
4.633849164044945290e-01 4.022477416992187500e+02
4.665265090580842933e-01 3.994119873046875000e+02
4.696681017116741130e-01 3.961717224121093750e+02
4.728096943652638773e-01 3.937882080078125000e+02
4.759512870188536970e-01 3.889875488281250000e+02
4.790928796724435168e-01 3.889741210937500000e+02
4.822344723260332811e-01 3.818038940429687500e+02
4.853760649796230453e-01 3.820900878906250000e+02
4.885176576332128651e-01 3.789753417968750000e+02
4.916592502868026848e-01 3.767956848144531250e+02
4.948008429403924491e-01 3.730304260253906250e+02
4.979424355939822133e-01 3.694809265136718750e+02
5.010840282475720331e-01 3.661419982910156250e+02
5.042256209011618528e-01 3.648547973632812500e+02
5.073672135547515616e-01 3.600389709472656250e+02
5.105088062083413813e-01 3.591061401367187500e+02
5.136503988619312011e-01 3.548832397460937500e+02
5.167919915155210209e-01 3.530733642578125000e+02
5.199335841691108406e-01 3.511357421875000000e+02
5.230751768227005494e-01 3.471950073242187500e+02
5.262167694762903691e-01 3.454515686035156250e+02
5.293583621298801889e-01 3.434612121582031250e+02
5.324999547834698976e-01 3.413398742675781250e+02
5.356415474370597174e-01 3.393074951171875000e+02
5.387831400906495372e-01 3.362554016113281250e+02
5.419247327442393569e-01 3.353622741699218750e+02
5.450663253978291767e-01 3.325998229980468750e+02
5.482079180514189964e-01 3.298095092773437500e+02
5.513495107050087052e-01 3.283474731445312500e+02
5.544911033585985249e-01 3.263374938964843750e+02
5.576326960121883447e-01 3.230360717773437500e+02
5.607742886657780534e-01 3.213245239257812500e+02
5.639158813193678732e-01 3.194174804687500000e+02
5.670574739729576930e-01 3.172804870605468750e+02
5.701990666265475127e-01 3.158390197753906250e+02
5.733406592801373325e-01 3.142684936523437500e+02
5.764822519337270412e-01 3.114661865234375000e+02
5.796238445873168610e-01 3.109591979980468750e+02
5.827654372409066807e-01 3.083202819824218750e+02
5.859070298944963895e-01 3.076537475585937500e+02
5.890486225480862092e-01 3.043320312500000000e+02
5.921902152016760290e-01 3.029704589843750000e+02
5.953318078552658488e-01 3.008544921875000000e+02
5.984734005088556685e-01 2.990164184570312500e+02
6.016149931624453773e-01 2.977268981933593750e+02
6.047565858160351970e-01 2.952092895507812500e+02
6.078981784696250168e-01 2.932523193359375000e+02
6.110397711232148366e-01 2.924826965332031250e+02
6.141813637768045453e-01 2.902465515136718750e+02
6.173229564303943651e-01 2.891940917968750000e+02
6.204645490839841848e-01 2.872422485351562500e+02
6.236061417375740046e-01 2.865224304199218750e+02
6.267477343911638243e-01 2.839232177734375000e+02
6.298893270447535331e-01 2.828321228027343750e+02
6.330309196983433528e-01 2.808505554199218750e+02
6.361725123519331726e-01 2.794587097167968750e+02
6.393141050055228813e-01 2.778032531738281250e+02
6.424556976591127011e-01 2.768258056640625000e+02
6.455972903127025209e-01 2.750262756347656250e+02
6.487388829662923406e-01 2.740971984863281250e+02
6.518804756198821604e-01 2.717621154785156250e+02
6.550220682734718691e-01 2.700435485839843750e+02
6.581636609270616889e-01 2.693583679199218750e+02
6.613052535806515086e-01 2.677031555175781250e+02
6.644468462342412174e-01 2.664877624511718750e+02
6.675884388878310371e-01 2.658134460449218750e+02
6.707300315414208569e-01 2.644671630859375000e+02
6.738716241950106767e-01 2.628145141601562500e+02
6.770132168486004964e-01 2.615526428222656250e+02
6.801548095021903162e-01 2.597911376953125000e+02
6.832964021557800249e-01 2.593853454589843750e+02
6.864379948093698447e-01 2.572069396972656250e+02
6.895795874629596645e-01 2.560826721191406250e+02
6.927211801165493732e-01 2.542966156005859375e+02
6.958627727701391930e-01 2.537532348632812500e+02
6.990043654237290127e-01 2.520766296386718750e+02
7.021459580773188325e-01 2.519176330566406250e+02
7.052875507309086522e-01 2.505979309082031250e+02
7.084291433844983610e-01 2.490564270019531250e+02
7.115707360380881807e-01 2.483148498535156250e+02
7.147123286916780005e-01 2.469051055908203125e+02
7.178539213452677092e-01 2.457474517822265625e+02
7.209955139988575290e-01 2.444481658935546875e+02
7.241371066524473488e-01 2.439633178710937500e+02
7.272786993060371685e-01 2.430312805175781250e+02
7.304202919596269883e-01 2.416730041503906250e+02
7.335618846132166970e-01 2.403577117919921875e+02
7.367034772668065168e-01 2.398367614746093750e+02
7.398450699203963365e-01 2.382060241699218750e+02
7.429866625739861563e-01 2.375547180175781250e+02
7.461282552275758650e-01 2.360843200683593750e+02
7.492698478811656848e-01 2.345970306396484375e+02
7.524114405347555046e-01 2.340310821533203125e+02
7.555530331883453243e-01 2.337926483154296875e+02
7.586946258419351441e-01 2.316964111328125000e+02
7.618362184955248528e-01 2.309760894775390625e+02
7.649778111491146726e-01 2.296393890380859375e+02
7.681194038027044924e-01 2.287872161865234375e+02
7.712609964562942011e-01 2.283177337646484375e+02
7.744025891098840209e-01 2.272905273437500000e+02
7.775441817634738406e-01 2.259896850585937500e+02
7.806857744170636604e-01 2.255691986083984375e+02
7.838273670706534801e-01 2.245869903564453125e+02
7.869689597242431889e-01 2.235381164550781250e+02
7.901105523778330086e-01 2.224916992187500000e+02
7.932521450314228284e-01 2.217542114257812500e+02
7.963937376850125371e-01 2.205901336669921875e+02
7.995353303386023569e-01 2.202929840087890625e+02
8.026769229921921767e-01 2.186423797607421875e+02
8.058185156457819964e-01 2.180167846679687500e+02
8.089601082993718162e-01 2.168320159912109375e+02
8.121017009529616359e-01 2.163665313720703125e+02
8.152432936065513447e-01 2.160720214843750000e+02
8.183848862601411644e-01 2.149816894531250000e+02
8.215264789137309842e-01 2.134600372314453125e+02
8.246680715673206929e-01 2.133325195312500000e+02
8.278096642209105127e-01 2.124407501220703125e+02
8.309512568745003325e-01 2.112642822265625000e+02
8.340928495280901522e-01 2.108216400146484375e+02
8.372344421816799720e-01 2.098399047851562500e+02
8.403760348352696807e-01 2.094122772216796875e+02
8.435176274888595005e-01 2.086071624755859375e+02
8.466592201424493203e-01 2.076352081298828125e+02
8.498008127960390290e-01 2.071461639404296875e+02
8.529424054496288488e-01 2.059074401855468750e+02
8.560839981032186685e-01 2.051771087646484375e+02
8.592255907568084883e-01 2.045182342529296875e+02
8.623671834103983080e-01 2.036442260742187500e+02
8.655087760639880168e-01 2.033471984863281250e+02
8.686503687175778365e-01 2.022715148925781250e+02
8.717919613711676563e-01 2.014245147705078125e+02
8.749335540247574761e-01 2.004584655761718750e+02
8.780751466783471848e-01 2.001803283691406250e+02
8.812167393319370046e-01 1.997225189208984375e+02
8.843583319855268243e-01 1.991089324951171875e+02
8.874999246391166441e-01 1.975653228759765625e+02
8.906415172927064638e-01 1.973056793212890625e+02
8.937831099462961726e-01 1.964083404541015625e+02
8.969247025998859923e-01 1.963635406494140625e+02
9.000662952534758121e-01 1.954667205810546875e+02
9.032078879070655208e-01 1.950583038330078125e+02
