1.570796326794896653e-03 5.187385253906250000e+03
4.712388980384689743e-03 9.407695312500000000e+03
7.853981633974483484e-03 1.127693847656250000e+04
1.099557428756427549e-02 1.256875097656250000e+04
1.413716694115407096e-02 1.495986523437500000e+04
1.727875959474386297e-02 1.489018945312500000e+04
2.042035224833365498e-02 1.449523339843750000e+04
2.356194490192345045e-02 1.201800390625000000e+04
2.670353755551324246e-02 1.234661328125000000e+04
2.984513020910303793e-02 1.174559179687500000e+04
3.298672286269282994e-02 1.060272363281250000e+04
3.612831551628262194e-02 9.287500000000000000e+03
3.926990816987241395e-02 9.260567382812500000e+03
4.241150082346220596e-02 7.832591308593750000e+03
4.555309347705200490e-02 7.805244628906250000e+03
4.869468613064179691e-02 7.253376953125000000e+03
5.183627878423158891e-02 7.001516601562500000e+03
5.497787143782138092e-02 6.710945312500000000e+03
5.811946409141117986e-02 6.668380371093750000e+03
6.126105674500097187e-02 6.205973632812500000e+03
6.440264939859076387e-02 5.898026367187500000e+03
6.754424205218055588e-02 5.646554199218750000e+03
7.068583470577034789e-02 5.741027832031250000e+03
7.382742735936013989e-02 5.275916992187500000e+03
7.696902001294993190e-02 4.928282714843750000e+03
8.011061266653972390e-02 4.688998535156250000e+03
8.325220532012952979e-02 4.491406738281250000e+03
8.639379797371932179e-02 4.186373046875000000e+03
8.953539062730911380e-02 4.054794677734375000e+03
9.267698328089890580e-02 3.730892333984375000e+03
9.581857593448869781e-02 3.436370849609375000e+03
9.896016858807848982e-02 3.384609375000000000e+03
1.021017612416682818e-01 3.115385009765625000e+03
1.052433538952580738e-01 3.011317871093750000e+03
1.083849465488478658e-01 2.898533935546875000e+03
1.115265392024376578e-01 2.750569335937500000e+03
1.146681318560274498e-01 2.695506835937500000e+03
1.178097245096172418e-01 2.672739257812500000e+03
1.209513171632070477e-01 2.609980468750000000e+03
1.240929098167968397e-01 2.565967285156250000e+03
1.272345024703866456e-01 2.477535400390625000e+03
1.303760951239764099e-01 2.413076660156250000e+03
1.335176877775662296e-01 2.343989501953125000e+03
1.366592804311559939e-01 2.297109619140625000e+03
1.398008730847458136e-01 2.188863769531250000e+03
1.429424657383355779e-01 2.107530273437500000e+03
1.460840583919253977e-01 2.053749267578125000e+03
1.492256510455151619e-01 1.956155029296875000e+03
1.523672436991049817e-01 1.884920654296875000e+03
1.555088363526947459e-01 1.814438720703125000e+03
1.586504290062845657e-01 1.749747802734375000e+03
1.617920216598743299e-01 1.682249755859375000e+03
1.649336143134641497e-01 1.657256713867187500e+03
1.680752069670539417e-01 1.593851928710937500e+03
1.712167996206437337e-01 1.560974609375000000e+03
1.743583922742335535e-01 1.520119750976562500e+03
1.774999849278233177e-01 1.477690429687500000e+03
1.806415775814131375e-01 1.462182983398437500e+03
1.837831702350029017e-01 1.425997192382812500e+03
1.869247628885927215e-01 1.398954345703125000e+03
1.900663555421824857e-01 1.357905151367187500e+03
1.932079481957723055e-01 1.366518798828125000e+03
1.963495408493620697e-01 1.322045776367187500e+03
1.994911335029518895e-01 1.271718383789062500e+03
2.026327261565416538e-01 1.257778076171875000e+03
2.057743188101314735e-01 1.228976440429687500e+03
2.089159114637212378e-01 1.216522583007812500e+03
2.120575041173110575e-01 1.171221069335937500e+03
2.151990967709008218e-01 1.135814819335937500e+03
2.183406894244906415e-01 1.116840576171875000e+03
2.214822820780804058e-01 1.096388305664062500e+03
2.246238747316702256e-01 1.068097412109375000e+03
2.277654673852599898e-01 1.034125732421875000e+03
2.309070600388498096e-01 1.028230712890625000e+03
2.340486526924396016e-01 9.932203979492187500e+02
2.371902453460293936e-01 9.797799682617187500e+02
2.403318379996192133e-01 9.641230468750000000e+02
2.434734306532089776e-01 9.473529663085937500e+02
2.466150233067987974e-01 9.388753662109375000e+02
2.497566159603885616e-01 9.231915283203125000e+02
2.528982086139783814e-01 9.031608886718750000e+02
2.560398012675681456e-01 8.893084106445312500e+02
2.591813939211579099e-01 8.765624389648437500e+02
2.623229865747477296e-01 8.583101196289062500e+02
2.654645792283375494e-01 8.532300415039062500e+02
2.686061718819273136e-01 8.254667968750000000e+02
2.717477645355171334e-01 8.164348144531250000e+02
2.748893571891068976e-01 7.987706298828125000e+02
2.780309498426967174e-01 7.910253295898437500e+02
2.811725424962865372e-01 7.691235961914062500e+02
2.843141351498763014e-01 7.644879760742187500e+02
2.874557278034660657e-01 7.481738891601562500e+02
2.905973204570558854e-01 7.414461059570312500e+02
2.937389131106457052e-01 7.325830078125000000e+02
2.968805057642354694e-01 7.142496948242187500e+02
3.000220984178252337e-01 7.066304931640625000e+02
3.031636910714150535e-01 6.974806518554687500e+02
3.063052837250048732e-01 6.828112792968750000e+02
3.094468763785946375e-01 6.788858642578125000e+02
3.125884690321844017e-01 6.715898437500000000e+02
3.157300616857742215e-01 6.637365112304687500e+02
3.188716543393640412e-01 6.523939208984375000e+02
3.220132469929538055e-01 6.448746948242187500e+02
3.251548396465435697e-01 6.391302490234375000e+02
3.282964323001333895e-01 6.280187988281250000e+02
3.314380249537232093e-01 6.210698242187500000e+02
3.345796176073129735e-01 6.121052856445312500e+02
3.377212102609027933e-01 6.025701904296875000e+02
3.408628029144925575e-01 5.956524658203125000e+02
3.440043955680823773e-01 5.922655029296875000e+02
3.471459882216721970e-01 5.807370605468750000e+02
3.502875808752619613e-01 5.780917968750000000e+02
3.534291735288517255e-01 5.731038818359375000e+02
3.565707661824415453e-01 5.601644897460937500e+02
3.597123588360313651e-01 5.559027709960937500e+02
3.628539514896211293e-01 5.500222167968750000e+02
3.659955441432108936e-01 5.440494995117187500e+02
3.691371367968007133e-01 5.361351318359375000e+02
3.722787294503905331e-01 5.329077758789062500e+02
3.754203221039802973e-01 5.239165039062500000e+02
3.785619147575700616e-01 5.195027465820312500e+02
3.817035074111598814e-01 5.125471801757812500e+02
3.848451000647497011e-01 5.081759033203125000e+02
3.879866927183394654e-01 5.021716918945312500e+02
3.911282853719292296e-01 5.013289489746093750e+02
3.942698780255190494e-01 4.932486572265625000e+02
3.974114706791088691e-01 4.885841369628906250e+02
4.005530633326986334e-01 4.836085815429687500e+02
4.036946559862884532e-01 4.796015014648437500e+02
4.068362486398782174e-01 4.767472534179687500e+02
4.099778412934680372e-01 4.726389160156250000e+02
4.131194339470578569e-01 4.659702758789062500e+02
4.162610266006476212e-01 4.598466796875000000e+02
4.194026192542373854e-01 4.553537902832031250e+02
4.225442119078272052e-01 4.518778381347656250e+02
4.256858045614170249e-01 4.460010986328125000e+02
4.288273972150067892e-01 4.411271057128906250e+02
4.319689898685965534e-01 4.415978088378906250e+02
4.351105825221863732e-01 4.354164733886718750e+02
4.382521751757761930e-01 4.312900695800781250e+02
4.413937678293659572e-01 4.255093383789062500e+02
4.445353604829557215e-01 4.226375122070312500e+02
4.476769531365455412e-01 4.206922607421875000e+02
4.508185457901353610e-01 4.155768127441406250e+02
4.539601384437251252e-01 4.121116333007812500e+02
4.571017310973148895e-01 4.092602539062500000e+02
4.602433237509047093e-01 4.064320678710937500e+02
4.633849164044945290e-01 4.010266113281250000e+02
4.665265090580842933e-01 3.992650451660156250e+02
4.696681017116741130e-01 3.966635131835937500e+02
4.728096943652638773e-01 3.927633056640625000e+02
4.759512870188536970e-01 3.914716491699218750e+02
4.790928796724435168e-01 3.867756652832031250e+02
4.822344723260332811e-01 3.831828308105468750e+02
4.853760649796230453e-01 3.804277648925781250e+02
4.885176576332128651e-01 3.780905761718750000e+02
4.916592502868026848e-01 3.746486206054687500e+02
4.948008429403924491e-01 3.711913757324218750e+02
4.979424355939822133e-01 3.677089843750000000e+02
5.010840282475720331e-01 3.674576110839843750e+02
5.042256209011618528e-01 3.636581726074218750e+02
5.073672135547515616e-01 3.618822937011718750e+02
5.105088062083413813e-01 3.608818664550781250e+02
5.136503988619312011e-01 3.579343261718750000e+02
5.167919915155210209e-01 3.528963623046875000e+02
5.199335841691108406e-01 3.504320373535156250e+02
5.230751768227005494e-01 3.495917663574218750e+02
5.262167694762903691e-01 3.453191528320312500e+02
5.293583621298801889e-01 3.436651611328125000e+02
5.324999547834698976e-01 3.420286560058593750e+02
5.356415474370597174e-01 3.396752624511718750e+02
5.387831400906495372e-01 3.385998535156250000e+02
5.419247327442393569e-01 3.324737548828125000e+02
5.450663253978291767e-01 3.316015930175781250e+02
5.482079180514189964e-01 3.298226928710937500e+02
5.513495107050087052e-01 3.273777770996093750e+02
5.544911033585985249e-01 3.258922729492187500e+02
5.576326960121883447e-01 3.241277770996093750e+02
5.607742886657780534e-01 3.220363159179687500e+02
5.639158813193678732e-01 3.202496337890625000e+02
5.670574739729576930e-01 3.175836791992187500e+02
5.701990666265475127e-01 3.154586486816406250e+02
5.733406592801373325e-01 3.131131591796875000e+02
5.764822519337270412e-01 3.116102905273437500e+02
5.796238445873168610e-01 3.102135314941406250e+02
5.827654372409066807e-01 3.077006225585937500e+02
5.859070298944963895e-01 3.064458312988281250e+02
5.890486225480862092e-01 3.037117309570312500e+02
5.921902152016760290e-01 3.022218017578125000e+02
5.953318078552658488e-01 3.004867858886718750e+02
5.984734005088556685e-01 2.982657470703125000e+02
6.016149931624453773e-01 2.988221740722656250e+02
6.047565858160351970e-01 2.950376892089843750e+02
6.078981784696250168e-01 2.942836914062500000e+02
6.110397711232148366e-01 2.920555419921875000e+02
6.141813637768045453e-01 2.901714477539062500e+02
6.173229564303943651e-01 2.893473510742187500e+02
6.204645490839841848e-01 2.880247497558593750e+02
6.236061417375740046e-01 2.853430786132812500e+02
6.267477343911638243e-01 2.841239318847656250e+02
6.298893270447535331e-01 2.830308227539062500e+02
6.330309196983433528e-01 2.805222473144531250e+02
6.361725123519331726e-01 2.791261901855468750e+02
6.393141050055228813e-01 2.777848205566406250e+02
6.424556976591127011e-01 2.753744506835937500e+02
6.455972903127025209e-01 2.756985168457031250e+02
6.487388829662923406e-01 2.734124755859375000e+02
6.518804756198821604e-01 2.725035095214843750e+02
6.550220682734718691e-01 2.703366394042968750e+02
6.581636609270616889e-01 2.695671997070312500e+02
6.613052535806515086e-01 2.676272277832031250e+02
6.644468462342412174e-01 2.671181945800781250e+02
6.675884388878310371e-01 2.648941650390625000e+02
6.707300315414208569e-01 2.633888549804687500e+02
6.738716241950106767e-01 2.627420349121093750e+02
6.770132168486004964e-01 2.620248718261718750e+02
6.801548095021903162e-01 2.592711181640625000e+02
6.832964021557800249e-01 2.578593750000000000e+02
6.864379948093698447e-01 2.569301147460937500e+02
6.895795874629596645e-01 2.567389526367187500e+02
6.927211801165493732e-01 2.543386840820312500e+02
6.958627727701391930e-01 2.535858306884765625e+02
6.990043654237290127e-01 2.525372009277343750e+02
7.021459580773188325e-01 2.511088409423828125e+02
7.052875507309086522e-01 2.508936309814453125e+02
7.084291433844983610e-01 2.492059478759765625e+02
7.115707360380881807e-01 2.483228302001953125e+02
7.147123286916780005e-01 2.464549865722656250e+02
7.178539213452677092e-01 2.461021575927734375e+02
7.209955139988575290e-01 2.447501068115234375e+02
7.241371066524473488e-01 2.435574188232421875e+02
7.272786993060371685e-01 2.421582489013671875e+02
7.304202919596269883e-01 2.413531188964843750e+02
7.335618846132166970e-01 2.403699493408203125e+02
7.367034772668065168e-01 2.389215240478515625e+02
7.398450699203963365e-01 2.379745025634765625e+02
7.429866625739861563e-01 2.375910034179687500e+02
7.461282552275758650e-01 2.354889984130859375e+02
7.492698478811656848e-01 2.348340606689453125e+02
7.524114405347555046e-01 2.342798156738281250e+02
7.555530331883453243e-01 2.330353240966796875e+02
7.586946258419351441e-01 2.318789215087890625e+02
7.618362184955248528e-01 2.308307952880859375e+02
7.649778111491146726e-01 2.299434356689453125e+02
7.681194038027044924e-01 2.290815124511718750e+02
7.712609964562942011e-01 2.281001281738281250e+02
7.744025891098840209e-01 2.277538757324218750e+02
7.775441817634738406e-01 2.264139556884765625e+02
7.806857744170636604e-01 2.243509979248046875e+02
7.838273670706534801e-01 2.244096221923828125e+02
7.869689597242431889e-01 2.235694885253906250e+02
7.901105523778330086e-01 2.221671752929687500e+02
7.932521450314228284e-01 2.213416442871093750e+02
7.963937376850125371e-01 2.201190795898437500e+02
7.995353303386023569e-01 2.190547943115234375e+02
8.026769229921921767e-01 2.188048553466796875e+02
8.058185156457819964e-01 2.180785675048828125e+02
8.089601082993718162e-01 2.171388702392578125e+02
8.121017009529616359e-01 2.161914672851562500e+02
8.152432936065513447e-01 2.153324584960937500e+02
8.183848862601411644e-01 2.143570251464843750e+02
8.215264789137309842e-01 2.138531799316406250e+02
8.246680715673206929e-01 2.127077178955078125e+02
8.278096642209105127e-01 2.127420654296875000e+02
8.309512568745003325e-01 2.108668975830078125e+02
8.340928495280901522e-01 2.106024932861328125e+02
8.372344421816799720e-01 2.098759765625000000e+02
8.403760348352696807e-01 2.089233093261718750e+02
8.435176274888595005e-01 2.078437652587890625e+02
8.466592201424493203e-01 2.072624664306640625e+02
8.498008127960390290e-01 2.064385986328125000e+02
8.529424054496288488e-01 2.057682037353515625e+02
8.560839981032186685e-01 2.059095153808593750e+02
8.592255907568084883e-01 2.051285095214843750e+02
8.623671834103983080e-01 2.040011291503906250e+02
8.655087760639880168e-01 2.031038665771484375e+02
8.686503687175778365e-01 2.023979644775390625e+02
8.717919613711676563e-01 2.016316986083984375e+02
8.749335540247574761e-01 2.008200531005859375e+02
8.780751466783471848e-01 1.999682769775390625e+02
8.812167393319370046e-01 1.989819793701171875e+02
8.843583319855268243e-01 1.981197052001953125e+02
8.874999246391166441e-01 1.979141845703125000e+02
8.906415172927064638e-01 1.968927917480468750e+02
8.937831099462961726e-01 1.966610412597656250e+02
8.969247025998859923e-01 1.955151062011718750e+02
9.000662952534758121e-01 1.951579742431640625e+02
9.032078879070655208e-01 1.949496154785156250e+02
