1.570796326794896653e-03 2.636817382812500000e+03
4.712388980384689743e-03 5.686137207031250000e+03
7.853981633974483484e-03 1.184114550781250000e+04
1.099557428756427549e-02 1.329367480468750000e+04
1.413716694115407096e-02 1.414264453125000000e+04
1.727875959474386297e-02 1.396480273437500000e+04
2.042035224833365498e-02 1.266720507812500000e+04
2.356194490192345045e-02 1.363401367187500000e+04
2.670353755551324246e-02 1.125088281250000000e+04
2.984513020910303793e-02 1.125242089843750000e+04
3.298672286269282994e-02 1.037697460937500000e+04
3.612831551628262194e-02 1.018463476562500000e+04
3.926990816987241395e-02 8.559580078125000000e+03
4.241150082346220596e-02 7.867302734375000000e+03
4.555309347705200490e-02 7.413220214843750000e+03
4.869468613064179691e-02 6.742005859375000000e+03
5.183627878423158891e-02 6.729013671875000000e+03
5.497787143782138092e-02 6.383309082031250000e+03
5.811946409141117986e-02 6.101284179687500000e+03
6.126105674500097187e-02 5.619437011718750000e+03
6.440264939859076387e-02 5.543240234375000000e+03
6.754424205218055588e-02 5.333036132812500000e+03
7.068583470577034789e-02 5.258239746093750000e+03
7.382742735936013989e-02 4.920730468750000000e+03
7.696902001294993190e-02 4.526334472656250000e+03
8.011061266653972390e-02 4.175756835937500000e+03
8.325220532012952979e-02 4.170828613281250000e+03
8.639379797371932179e-02 3.706145751953125000e+03
8.953539062730911380e-02 3.470404296875000000e+03
9.267698328089890580e-02 3.280456787109375000e+03
9.581857593448869781e-02 3.077992431640625000e+03
9.896016858807848982e-02 2.979424560546875000e+03
1.021017612416682818e-01 2.798829833984375000e+03
1.052433538952580738e-01 2.621053466796875000e+03
1.083849465488478658e-01 2.556318847656250000e+03
1.115265392024376578e-01 2.434421630859375000e+03
1.146681318560274498e-01 2.333224365234375000e+03
1.178097245096172418e-01 2.288180908203125000e+03
1.209513171632070477e-01 2.213637451171875000e+03
1.240929098167968397e-01 2.161605468750000000e+03
1.272345024703866456e-01 2.083336181640625000e+03
1.303760951239764099e-01 2.044795532226562500e+03
1.335176877775662296e-01 1.957117553710937500e+03
1.366592804311559939e-01 1.894333496093750000e+03
1.398008730847458136e-01 1.800959960937500000e+03
1.429424657383355779e-01 1.717847167968750000e+03
1.460840583919253977e-01 1.652085327148437500e+03
1.492256510455151619e-01 1.565659423828125000e+03
1.523672436991049817e-01 1.502162597656250000e+03
1.555088363526947459e-01 1.426463256835937500e+03
1.586504290062845657e-01 1.353817626953125000e+03
1.617920216598743299e-01 1.321720581054687500e+03
1.649336143134641497e-01 1.259243408203125000e+03
1.680752069670539417e-01 1.227325805664062500e+03
1.712167996206437337e-01 1.185480590820312500e+03
1.743583922742335535e-01 1.152580566406250000e+03
1.774999849278233177e-01 1.119375366210937500e+03
1.806415775814131375e-01 1.096805297851562500e+03
1.837831702350029017e-01 1.049769287109375000e+03
1.869247628885927215e-01 1.041472778320312500e+03
1.900663555421824857e-01 9.978522338867187500e+02
1.932079481957723055e-01 9.677049560546875000e+02
1.963495408493620697e-01 9.566361083984375000e+02
1.994911335029518895e-01 9.238016967773437500e+02
2.026327261565416538e-01 8.996647338867187500e+02
2.057743188101314735e-01 8.711343383789062500e+02
2.089159114637212378e-01 8.483027954101562500e+02
2.120575041173110575e-01 8.118851318359375000e+02
2.151990967709008218e-01 7.931665649414062500e+02
2.183406894244906415e-01 7.537650756835937500e+02
2.214822820780804058e-01 7.377000732421875000e+02
2.246238747316702256e-01 7.203349609375000000e+02
2.277654673852599898e-01 6.993265380859375000e+02
2.309070600388498096e-01 6.823331909179687500e+02
2.340486526924396016e-01 6.631290893554687500e+02
2.371902453460293936e-01 6.363433227539062500e+02
2.403318379996192133e-01 6.242392578125000000e+02
2.434734306532089776e-01 6.135513305664062500e+02
2.466150233067987974e-01 6.013657226562500000e+02
2.497566159603885616e-01 5.798809814453125000e+02
2.528982086139783814e-01 5.667996826171875000e+02
2.560398012675681456e-01 5.550238647460937500e+02
2.591813939211579099e-01 5.404780883789062500e+02
2.623229865747477296e-01 5.317623901367187500e+02
2.654645792283375494e-01 5.130244140625000000e+02
2.686061718819273136e-01 5.034097595214843750e+02
2.717477645355171334e-01 4.918182373046875000e+02
2.748893571891068976e-01 4.735097961425781250e+02
2.780309498426967174e-01 4.679819641113281250e+02
2.811725424962865372e-01 4.590413513183593750e+02
2.843141351498763014e-01 4.481734924316406250e+02
2.874557278034660657e-01 4.340859985351562500e+02
2.905973204570558854e-01 4.213067321777343750e+02
2.937389131106457052e-01 4.140882263183593750e+02
2.968805057642354694e-01 4.050012512207031250e+02
3.000220984178252337e-01 3.951026611328125000e+02
3.031636910714150535e-01 3.878321228027343750e+02
3.063052837250048732e-01 3.811308898925781250e+02
3.094468763785946375e-01 3.717069702148437500e+02
3.125884690321844017e-01 3.632041931152343750e+02
3.157300616857742215e-01 3.567585144042968750e+02
3.188716543393640412e-01 3.486401062011718750e+02
3.220132469929538055e-01 3.412049865722656250e+02
3.251548396465435697e-01 3.328193664550781250e+02
3.282964323001333895e-01 3.271841125488281250e+02
3.314380249537232093e-01 3.179490356445312500e+02
3.345796176073129735e-01 3.127385559082031250e+02
3.377212102609027933e-01 3.046748352050781250e+02
3.408628029144925575e-01 2.992862854003906250e+02
3.440043955680823773e-01 2.919566345214843750e+02
3.471459882216721970e-01 2.874747314453125000e+02
3.502875808752619613e-01 2.832791442871093750e+02
3.534291735288517255e-01 2.775640563964843750e+02
3.565707661824415453e-01 2.721378479003906250e+02
3.597123588360313651e-01 2.659152526855468750e+02
3.628539514896211293e-01 2.603167419433593750e+02
3.659955441432108936e-01 2.553019256591796875e+02
3.691371367968007133e-01 2.502699127197265625e+02
3.722787294503905331e-01 2.471811370849609375e+02
3.754203221039802973e-01 2.407221527099609375e+02
3.785619147575700616e-01 2.381450500488281250e+02
3.817035074111598814e-01 2.339495697021484375e+02
3.848451000647497011e-01 2.278977355957031250e+02
3.879866927183394654e-01 2.250513000488281250e+02
3.911282853719292296e-01 2.201703491210937500e+02
3.942698780255190494e-01 2.156873321533203125e+02
3.974114706791088691e-01 2.115854034423828125e+02
4.005530633326986334e-01 2.083820190429687500e+02
4.036946559862884532e-01 2.049204864501953125e+02
4.068362486398782174e-01 2.007471618652343750e+02
4.099778412934680372e-01 1.983491058349609375e+02
4.131194339470578569e-01 1.950780944824218750e+02
4.162610266006476212e-01 1.909042663574218750e+02
4.194026192542373854e-01 1.864988708496093750e+02
4.225442119078272052e-01 1.845154418945312500e+02
4.256858045614170249e-01 1.805990295410156250e+02
4.288273972150067892e-01 1.779730072021484375e+02
4.319689898685965534e-01 1.749978332519531250e+02
4.351105825221863732e-01 1.717819519042968750e+02
4.382521751757761930e-01 1.690425415039062500e+02
4.413937678293659572e-01 1.655061187744140625e+02
4.445353604829557215e-01 1.632382812500000000e+02
4.476769531365455412e-01 1.608691864013671875e+02
4.508185457901353610e-01 1.578267059326171875e+02
4.539601384437251252e-01 1.552977905273437500e+02
4.571017310973148895e-01 1.525054931640625000e+02
4.602433237509047093e-01 1.499518432617187500e+02
4.633849164044945290e-01 1.478030853271484375e+02
4.665265090580842933e-01 1.455188140869140625e+02
4.696681017116741130e-01 1.432249298095703125e+02
4.728096943652638773e-01 1.408617706298828125e+02
4.759512870188536970e-01 1.389979248046875000e+02
4.790928796724435168e-01 1.363533325195312500e+02
4.822344723260332811e-01 1.348222045898437500e+02
4.853760649796230453e-01 1.325446929931640625e+02
4.885176576332128651e-01 1.301742248535156250e+02
4.916592502868026848e-01 1.284897613525390625e+02
4.948008429403924491e-01 1.264112625122070312e+02
4.979424355939822133e-01 1.245413742065429688e+02
5.010840282475720331e-01 1.227369461059570312e+02
5.042256209011618528e-01 1.209347457885742188e+02
5.073672135547515616e-01 1.195531768798828125e+02
5.105088062083413813e-01 1.174580612182617188e+02
5.136503988619312011e-01 1.154488983154296875e+02
5.167919915155210209e-01 1.135561370849609375e+02
5.199335841691108406e-01 1.123715515136718750e+02
5.230751768227005494e-01 1.106705017089843750e+02
5.262167694762903691e-01 1.092100524902343750e+02
5.293583621298801889e-01 1.072636032104492188e+02
5.324999547834698976e-01 1.057461700439453125e+02
5.356415474370597174e-01 1.044723968505859375e+02
5.387831400906495372e-01 1.025569534301757812e+02
5.419247327442393569e-01 1.013296508789062500e+02
5.450663253978291767e-01 9.987951660156250000e+01
5.482079180514189964e-01 9.843851470947265625e+01
5.513495107050087052e-01 9.707568359375000000e+01
5.544911033585985249e-01 9.594487762451171875e+01
5.576326960121883447e-01 9.470716857910156250e+01
5.607742886657780534e-01 9.321077728271484375e+01
5.639158813193678732e-01 9.194978332519531250e+01
5.670574739729576930e-01 9.059237670898437500e+01
5.701990666265475127e-01 8.949638366699218750e+01
5.733406592801373325e-01 8.797777557373046875e+01
5.764822519337270412e-01 8.704438018798828125e+01
5.796238445873168610e-01 8.556979370117187500e+01
5.827654372409066807e-01 8.497692108154296875e+01
5.859070298944963895e-01 8.400298309326171875e+01
5.890486225480862092e-01 8.255347442626953125e+01
5.921902152016760290e-01 8.172946166992187500e+01
5.953318078552658488e-01 8.050733947753906250e+01
5.984734005088556685e-01 7.937606811523437500e+01
6.016149931624453773e-01 7.824627685546875000e+01
6.047565858160351970e-01 7.755944824218750000e+01
6.078981784696250168e-01 7.615089416503906250e+01
6.110397711232148366e-01 7.532698059082031250e+01
6.141813637768045453e-01 7.442360687255859375e+01
6.173229564303943651e-01 7.366316986083984375e+01
6.204645490839841848e-01 7.266509246826171875e+01
6.236061417375740046e-01 7.179415130615234375e+01
6.267477343911638243e-01 7.095124053955078125e+01
6.298893270447535331e-01 7.002912139892578125e+01
6.330309196983433528e-01 6.890251159667968750e+01
6.361725123519331726e-01 6.816238403320312500e+01
6.393141050055228813e-01 6.758419799804687500e+01
6.424556976591127011e-01 6.673850250244140625e+01
6.455972903127025209e-01 6.565938568115234375e+01
6.487388829662923406e-01 6.503916168212890625e+01
6.518804756198821604e-01 6.429108428955078125e+01
6.550220682734718691e-01 6.356194305419921875e+01
6.581636609270616889e-01 6.271425628662109375e+01
6.613052535806515086e-01 6.193618392944335938e+01
6.644468462342412174e-01 6.137182235717773438e+01
6.675884388878310371e-01 6.052526092529296875e+01
6.707300315414208569e-01 5.968729400634765625e+01
6.738716241950106767e-01 5.916695785522460938e+01
6.770132168486004964e-01 5.848522949218750000e+01
6.801548095021903162e-01 5.773553848266601562e+01
6.832964021557800249e-01 5.706855392456054688e+01
6.864379948093698447e-01 5.646901702880859375e+01
6.895795874629596645e-01 5.579098129272460938e+01
6.927211801165493732e-01 5.512288665771484375e+01
6.958627727701391930e-01 5.468354034423828125e+01
6.990043654237290127e-01 5.380500793457031250e+01
7.021459580773188325e-01 5.346978759765625000e+01
7.052875507309086522e-01 5.277180862426757812e+01
7.084291433844983610e-01 5.207961273193359375e+01
7.115707360380881807e-01 5.155629730224609375e+01
7.147123286916780005e-01 5.112615966796875000e+01
7.178539213452677092e-01 5.060390853881835938e+01
7.209955139988575290e-01 4.998900604248046875e+01
7.241371066524473488e-01 4.938508605957031250e+01
7.272786993060371685e-01 4.891036605834960938e+01
7.304202919596269883e-01 4.846178054809570312e+01
7.335618846132166970e-01 4.775637435913085938e+01
7.367034772668065168e-01 4.732643890380859375e+01
7.398450699203963365e-01 4.692233276367187500e+01
7.429866625739861563e-01 4.624103546142578125e+01
7.461282552275758650e-01 4.587121582031250000e+01
7.492698478811656848e-01 4.545969772338867188e+01
7.524114405347555046e-01 4.506474304199218750e+01
7.555530331883453243e-01 4.451122283935546875e+01
7.586946258419351441e-01 4.411699295043945312e+01
7.618362184955248528e-01 4.369831848144531250e+01
7.649778111491146726e-01 4.309733581542968750e+01
7.681194038027044924e-01 4.277051162719726562e+01
7.712609964562942011e-01 4.233906555175781250e+01
7.744025891098840209e-01 4.194456100463867188e+01
7.775441817634738406e-01 4.146332168579101562e+01
7.806857744170636604e-01 4.114950942993164062e+01
7.838273670706534801e-01 4.078523254394531250e+01
7.869689597242431889e-01 4.028193664550781250e+01
7.901105523778330086e-01 3.992451858520507812e+01
7.932521450314228284e-01 3.954837036132812500e+01
7.963937376850125371e-01 3.923346328735351562e+01
7.995353303386023569e-01 3.888146591186523438e+01
8.026769229921921767e-01 3.853054428100585938e+01
8.058185156457819964e-01 3.821105957031250000e+01
8.089601082993718162e-01 3.774237823486328125e+01
8.121017009529616359e-01 3.743815994262695312e+01
8.152432936065513447e-01 3.707513046264648438e+01
8.183848862601411644e-01 3.684605026245117188e+01
8.215264789137309842e-01 3.642071533203125000e+01
8.246680715673206929e-01 3.615279769897460938e+01
8.278096642209105127e-01 3.576550292968750000e+01
8.309512568745003325e-01 3.563113021850585938e+01
8.340928495280901522e-01 3.527665710449218750e+01
8.372344421816799720e-01 3.504629516601562500e+01
8.403760348352696807e-01 3.477392578125000000e+01
8.435176274888595005e-01 3.440123367309570312e+01
8.466592201424493203e-01 3.412746047973632812e+01
8.498008127960390290e-01 3.394071197509765625e+01
8.529424054496288488e-01 3.362458801269531250e+01
8.560839981032186685e-01 3.339612960815429688e+01
8.592255907568084883e-01 3.312090301513671875e+01
8.623671834103983080e-01 3.282393646240234375e+01
8.655087760639880168e-01 3.249488067626953125e+01
8.686503687175778365e-01 3.231438827514648438e+01
8.717919613711676563e-01 3.210321044921875000e+01
8.749335540247574761e-01 3.192729568481445312e+01
8.780751466783471848e-01 3.159153938293457031e+01
8.812167393319370046e-01 3.139300346374511719e+01
8.843583319855268243e-01 3.124658966064453125e+01
8.874999246391166441e-01 3.100885963439941406e+01
8.906415172927064638e-01 3.081293487548828125e+01
8.937831099462961726e-01 3.066066169738769531e+01
8.969247025998859923e-01 3.035721778869628906e+01
9.000662952534758121e-01 3.019382095336914062e+01
9.032078879070655208e-01 3.008113288879394531e+01
