1.570796326794896653e-03 6.394271850585937500e+02
4.712388980384689743e-03 8.167022460937500000e+03
7.853981633974483484e-03 1.053757714843750000e+04
1.099557428756427549e-02 1.151872167968750000e+04
1.413716694115407096e-02 1.441268457031250000e+04
1.727875959474386297e-02 1.369961914062500000e+04
2.042035224833365498e-02 1.345554296875000000e+04
2.356194490192345045e-02 1.292695507812500000e+04
2.670353755551324246e-02 1.136894531250000000e+04
2.984513020910303793e-02 1.162971093750000000e+04
3.298672286269282994e-02 9.700616210937500000e+03
3.612831551628262194e-02 9.527976562500000000e+03
3.926990816987241395e-02 8.718222656250000000e+03
4.241150082346220596e-02 8.059098144531250000e+03
4.555309347705200490e-02 7.020191406250000000e+03
4.869468613064179691e-02 6.935498535156250000e+03
5.183627878423158891e-02 6.407046386718750000e+03
5.497787143782138092e-02 6.185834472656250000e+03
5.811946409141117986e-02 5.880247558593750000e+03
6.126105674500097187e-02 5.939331542968750000e+03
6.440264939859076387e-02 5.469190429687500000e+03
6.754424205218055588e-02 5.353987304687500000e+03
7.068583470577034789e-02 5.156433593750000000e+03
7.382742735936013989e-02 4.673566406250000000e+03
7.696902001294993190e-02 4.606355468750000000e+03
8.011061266653972390e-02 4.212831542968750000e+03
8.325220532012952979e-02 4.073687255859375000e+03
8.639379797371932179e-02 3.895757812500000000e+03
8.953539062730911380e-02 3.522005126953125000e+03
9.267698328089890580e-02 3.265381103515625000e+03
9.581857593448869781e-02 3.113577148437500000e+03
9.896016858807848982e-02 2.949209472656250000e+03
1.021017612416682818e-01 2.730610839843750000e+03
1.052433538952580738e-01 2.599764404296875000e+03
1.083849465488478658e-01 2.577322265625000000e+03
1.115265392024376578e-01 2.428987304687500000e+03
1.146681318560274498e-01 2.321499511718750000e+03
1.178097245096172418e-01 2.283118164062500000e+03
1.209513171632070477e-01 2.207436279296875000e+03
1.240929098167968397e-01 2.147764648437500000e+03
1.272345024703866456e-01 2.098850830078125000e+03
1.303760951239764099e-01 2.016684692382812500e+03
1.335176877775662296e-01 1.952433837890625000e+03
1.366592804311559939e-01 1.871154785156250000e+03
1.398008730847458136e-01 1.819991699218750000e+03
1.429424657383355779e-01 1.729921508789062500e+03
1.460840583919253977e-01 1.641176879882812500e+03
1.492256510455151619e-01 1.568319458007812500e+03
1.523672436991049817e-01 1.499808227539062500e+03
1.555088363526947459e-01 1.430944213867187500e+03
1.586504290062845657e-01 1.373319335937500000e+03
1.617920216598743299e-01 1.310341918945312500e+03
1.649336143134641497e-01 1.269460815429687500e+03
1.680752069670539417e-01 1.215510986328125000e+03
1.712167996206437337e-01 1.176939575195312500e+03
1.743583922742335535e-01 1.144220581054687500e+03
1.774999849278233177e-01 1.119037963867187500e+03
1.806415775814131375e-01 1.094157836914062500e+03
1.837831702350029017e-01 1.053350830078125000e+03
1.869247628885927215e-01 1.036245727539062500e+03
1.900663555421824857e-01 1.003728271484375000e+03
1.932079481957723055e-01 9.824178466796875000e+02
1.963495408493620697e-01 9.577187500000000000e+02
1.994911335029518895e-01 9.257570800781250000e+02
2.026327261565416538e-01 8.976422119140625000e+02
2.057743188101314735e-01 8.657490844726562500e+02
2.089159114637212378e-01 8.381926879882812500e+02
2.120575041173110575e-01 8.152098999023437500e+02
2.151990967709008218e-01 7.964046020507812500e+02
2.183406894244906415e-01 7.548792114257812500e+02
2.214822820780804058e-01 7.361704101562500000e+02
2.246238747316702256e-01 7.176875000000000000e+02
2.277654673852599898e-01 7.015490722656250000e+02
2.309070600388498096e-01 6.828275756835937500e+02
2.340486526924396016e-01 6.658839111328125000e+02
2.371902453460293936e-01 6.414489135742187500e+02
2.403318379996192133e-01 6.224613647460937500e+02
2.434734306532089776e-01 6.089841308593750000e+02
2.466150233067987974e-01 5.977056884765625000e+02
2.497566159603885616e-01 5.855516967773437500e+02
2.528982086139783814e-01 5.708001708984375000e+02
2.560398012675681456e-01 5.570831298828125000e+02
2.591813939211579099e-01 5.466497192382812500e+02
2.623229865747477296e-01 5.329743652343750000e+02
2.654645792283375494e-01 5.176992797851562500e+02
2.686061718819273136e-01 5.014013061523437500e+02
2.717477645355171334e-01 4.881462097167968750e+02
2.748893571891068976e-01 4.771763000488281250e+02
2.780309498426967174e-01 4.644943542480468750e+02
2.811725424962865372e-01 4.573954162597656250e+02
2.843141351498763014e-01 4.434720458984375000e+02
2.874557278034660657e-01 4.358959960937500000e+02
2.905973204570558854e-01 4.243563842773437500e+02
2.937389131106457052e-01 4.144661865234375000e+02
2.968805057642354694e-01 4.053556213378906250e+02
3.000220984178252337e-01 3.967603759765625000e+02
3.031636910714150535e-01 3.898429260253906250e+02
3.063052837250048732e-01 3.789376525878906250e+02
3.094468763785946375e-01 3.714143981933593750e+02
3.125884690321844017e-01 3.642234802246093750e+02
3.157300616857742215e-01 3.544711914062500000e+02
3.188716543393640412e-01 3.485720214843750000e+02
3.220132469929538055e-01 3.399615173339843750e+02
3.251548396465435697e-01 3.326696472167968750e+02
3.282964323001333895e-01 3.262610778808593750e+02
3.314380249537232093e-01 3.218376770019531250e+02
3.345796176073129735e-01 3.119088745117187500e+02
3.377212102609027933e-01 3.058403015136718750e+02
3.408628029144925575e-01 3.005832519531250000e+02
3.440043955680823773e-01 2.941610412597656250e+02
3.471459882216721970e-01 2.888724670410156250e+02
3.502875808752619613e-01 2.818712158203125000e+02
3.534291735288517255e-01 2.772298583984375000e+02
3.565707661824415453e-01 2.702326049804687500e+02
3.597123588360313651e-01 2.641558837890625000e+02
3.628539514896211293e-01 2.610185852050781250e+02
3.659955441432108936e-01 2.559255828857421875e+02
3.691371367968007133e-01 2.517580261230468750e+02
3.722787294503905331e-01 2.459371948242187500e+02
3.754203221039802973e-01 2.415317535400390625e+02
3.785619147575700616e-01 2.369776611328125000e+02
3.817035074111598814e-01 2.330455627441406250e+02
3.848451000647497011e-01 2.292475891113281250e+02
3.879866927183394654e-01 2.237021789550781250e+02
3.911282853719292296e-01 2.208199768066406250e+02
3.942698780255190494e-01 2.163311920166015625e+02
3.974114706791088691e-01 2.102279205322265625e+02
4.005530633326986334e-01 2.083146667480468750e+02
4.036946559862884532e-01 2.055649719238281250e+02
4.068362486398782174e-01 2.017445373535156250e+02
4.099778412934680372e-01 1.972211761474609375e+02
4.131194339470578569e-01 1.950251312255859375e+02
4.162610266006476212e-01 1.902341308593750000e+02
4.194026192542373854e-01 1.864045562744140625e+02
4.225442119078272052e-01 1.841550598144531250e+02
4.256858045614170249e-01 1.804408264160156250e+02
4.288273972150067892e-01 1.767417449951171875e+02
4.319689898685965534e-01 1.741320800781250000e+02
4.351105825221863732e-01 1.718020324707031250e+02
4.382521751757761930e-01 1.686227722167968750e+02
4.413937678293659572e-01 1.664888153076171875e+02
4.445353604829557215e-01 1.625305938720703125e+02
4.476769531365455412e-01 1.615072479248046875e+02
4.508185457901353610e-01 1.581150512695312500e+02
4.539601384437251252e-01 1.554875335693359375e+02
4.571017310973148895e-01 1.528989105224609375e+02
4.602433237509047093e-01 1.508076934814453125e+02
4.633849164044945290e-01 1.488023834228515625e+02
4.665265090580842933e-01 1.458883666992187500e+02
4.696681017116741130e-01 1.431317443847656250e+02
4.728096943652638773e-01 1.410809936523437500e+02
4.759512870188536970e-01 1.386546630859375000e+02
4.790928796724435168e-01 1.365818939208984375e+02
4.822344723260332811e-01 1.348951721191406250e+02
4.853760649796230453e-01 1.322509155273437500e+02
4.885176576332128651e-01 1.300695800781250000e+02
4.916592502868026848e-01 1.278811645507812500e+02
4.948008429403924491e-01 1.264976806640625000e+02
4.979424355939822133e-01 1.244320220947265625e+02
5.010840282475720331e-01 1.226043930053710938e+02
5.042256209011618528e-01 1.206464920043945312e+02
5.073672135547515616e-01 1.189366149902343750e+02
5.105088062083413813e-01 1.170648117065429688e+02
5.136503988619312011e-01 1.152079238891601562e+02
5.167919915155210209e-01 1.140396881103515625e+02
5.199335841691108406e-01 1.122483291625976562e+02
5.230751768227005494e-01 1.107854690551757812e+02
5.262167694762903691e-01 1.087823181152343750e+02
5.293583621298801889e-01 1.078276062011718750e+02
5.324999547834698976e-01 1.060094909667968750e+02
5.356415474370597174e-01 1.043233261108398438e+02
5.387831400906495372e-01 1.029157028198242188e+02
5.419247327442393569e-01 1.011537246704101562e+02
5.450663253978291767e-01 9.970088958740234375e+01
5.482079180514189964e-01 9.847245788574218750e+01
5.513495107050087052e-01 9.706652832031250000e+01
5.544911033585985249e-01 9.577880096435546875e+01
5.576326960121883447e-01 9.434014129638671875e+01
5.607742886657780534e-01 9.354782104492187500e+01
5.639158813193678732e-01 9.207142639160156250e+01
5.670574739729576930e-01 9.062721252441406250e+01
5.701990666265475127e-01 8.938923645019531250e+01
5.733406592801373325e-01 8.808579254150390625e+01
5.764822519337270412e-01 8.692685699462890625e+01
5.796238445873168610e-01 8.588098144531250000e+01
5.827654372409066807e-01 8.485569763183593750e+01
5.859070298944963895e-01 8.360597229003906250e+01
5.890486225480862092e-01 8.262443542480468750e+01
5.921902152016760290e-01 8.165414428710937500e+01
5.953318078552658488e-01 8.041448974609375000e+01
5.984734005088556685e-01 7.937064361572265625e+01
6.016149931624453773e-01 7.848807525634765625e+01
6.047565858160351970e-01 7.746017456054687500e+01
6.078981784696250168e-01 7.645327758789062500e+01
6.110397711232148366e-01 7.547659301757812500e+01
6.141813637768045453e-01 7.438037872314453125e+01
6.173229564303943651e-01 7.385209655761718750e+01
6.204645490839841848e-01 7.248450469970703125e+01
6.236061417375740046e-01 7.159281921386718750e+01
6.267477343911638243e-01 7.097117614746093750e+01
6.298893270447535331e-01 6.991724395751953125e+01
6.330309196983433528e-01 6.884825134277343750e+01
6.361725123519331726e-01 6.813913726806640625e+01
6.393141050055228813e-01 6.749845886230468750e+01
6.424556976591127011e-01 6.652555847167968750e+01
6.455972903127025209e-01 6.583861541748046875e+01
6.487388829662923406e-01 6.511109161376953125e+01
6.518804756198821604e-01 6.431333160400390625e+01
6.550220682734718691e-01 6.346981430053710938e+01
6.581636609270616889e-01 6.276882553100585938e+01
6.613052535806515086e-01 6.206340026855468750e+01
6.644468462342412174e-01 6.082989883422851562e+01
6.675884388878310371e-01 6.037028884887695312e+01
6.707300315414208569e-01 5.976726531982421875e+01
6.738716241950106767e-01 5.902819061279296875e+01
6.770132168486004964e-01 5.853350067138671875e+01
6.801548095021903162e-01 5.762248229980468750e+01
6.832964021557800249e-01 5.715095138549804688e+01
6.864379948093698447e-01 5.658723449707031250e+01
6.895795874629596645e-01 5.572152328491210938e+01
6.927211801165493732e-01 5.519044494628906250e+01
6.958627727701391930e-01 5.450495529174804688e+01
6.990043654237290127e-01 5.399551010131835938e+01
7.021459580773188325e-01 5.335528182983398438e+01
7.052875507309086522e-01 5.268007659912109375e+01
7.084291433844983610e-01 5.223625946044921875e+01
7.115707360380881807e-01 5.162528228759765625e+01
7.147123286916780005e-01 5.097568511962890625e+01
7.178539213452677092e-01 5.040803527832031250e+01
7.209955139988575290e-01 4.989197921752929688e+01
7.241371066524473488e-01 4.944010925292968750e+01
7.272786993060371685e-01 4.894926834106445312e+01
7.304202919596269883e-01 4.843224334716796875e+01
7.335618846132166970e-01 4.781828689575195312e+01
7.367034772668065168e-01 4.744480133056640625e+01
7.398450699203963365e-01 4.683417510986328125e+01
7.429866625739861563e-01 4.629449081420898438e+01
7.461282552275758650e-01 4.597932815551757812e+01
7.492698478811656848e-01 4.539712524414062500e+01
7.524114405347555046e-01 4.495393753051757812e+01
7.555530331883453243e-01 4.449138641357421875e+01
7.586946258419351441e-01 4.396350097656250000e+01
7.618362184955248528e-01 4.360642623901367188e+01
7.649778111491146726e-01 4.323183822631835938e+01
7.681194038027044924e-01 4.278976440429687500e+01
7.712609964562942011e-01 4.229192733764648438e+01
7.744025891098840209e-01 4.191796112060546875e+01
7.775441817634738406e-01 4.156790161132812500e+01
7.806857744170636604e-01 4.110251617431640625e+01
7.838273670706534801e-01 4.077064514160156250e+01
7.869689597242431889e-01 4.040163421630859375e+01
7.901105523778330086e-01 3.997034454345703125e+01
7.932521450314228284e-01 3.958710479736328125e+01
7.963937376850125371e-01 3.924238204956054688e+01
7.995353303386023569e-01 3.894623565673828125e+01
8.026769229921921767e-01 3.854547882080078125e+01
8.058185156457819964e-01 3.820552444458007812e+01
8.089601082993718162e-01 3.787284469604492188e+01
8.121017009529616359e-01 3.749403381347656250e+01
8.152432936065513447e-01 3.709201431274414062e+01
8.183848862601411644e-01 3.684265136718750000e+01
8.215264789137309842e-01 3.640737915039062500e+01
8.246680715673206929e-01 3.605397415161132812e+01
8.278096642209105127e-01 3.589473724365234375e+01
8.309512568745003325e-01 3.562494659423828125e+01
8.340928495280901522e-01 3.530781173706054688e+01
8.372344421816799720e-01 3.494605636596679688e+01
8.403760348352696807e-01 3.474862670898437500e+01
8.435176274888595005e-01 3.440798950195312500e+01
8.466592201424493203e-01 3.411601257324218750e+01
8.498008127960390290e-01 3.389254760742187500e+01
8.529424054496288488e-01 3.362388229370117188e+01
8.560839981032186685e-01 3.322741317749023438e+01
8.592255907568084883e-01 3.309824752807617188e+01
8.623671834103983080e-01 3.283480453491210938e+01
8.655087760639880168e-01 3.258771896362304688e+01
8.686503687175778365e-01 3.235668563842773438e+01
8.717919613711676563e-01 3.210366058349609375e+01
8.749335540247574761e-01 3.201304626464843750e+01
8.780751466783471848e-01 3.166330146789550781e+01
8.812167393319370046e-01 3.134121513366699219e+01
8.843583319855268243e-01 3.115526771545410156e+01
8.874999246391166441e-01 3.101117324829101562e+01
8.906415172927064638e-01 3.070437049865722656e+01
8.937831099462961726e-01 3.057009506225585938e+01
8.969247025998859923e-01 3.039604568481445312e+01
9.000662952534758121e-01 3.019500350952148438e+01
9.032078879070655208e-01 3.003243446350097656e+01
