1.570796326794896653e-03 7.819651855468750000e+03
4.712388980384689743e-03 9.036669921875000000e+03
7.853981633974483484e-03 9.779304687500000000e+03
1.099557428756427549e-02 1.316212695312500000e+04
1.413716694115407096e-02 1.405802148437500000e+04
1.727875959474386297e-02 1.342302832031250000e+04
2.042035224833365498e-02 1.340188085937500000e+04
2.356194490192345045e-02 1.344710937500000000e+04
2.670353755551324246e-02 1.324843261718750000e+04
2.984513020910303793e-02 1.153875976562500000e+04
3.298672286269282994e-02 1.054718261718750000e+04
3.612831551628262194e-02 9.407623046875000000e+03
3.926990816987241395e-02 8.838469726562500000e+03
4.241150082346220596e-02 8.425971679687500000e+03
4.555309347705200490e-02 7.591092285156250000e+03
4.869468613064179691e-02 7.272785156250000000e+03
5.183627878423158891e-02 6.916833496093750000e+03
5.497787143782138092e-02 6.903854003906250000e+03
5.811946409141117986e-02 6.573496093750000000e+03
6.126105674500097187e-02 6.191152832031250000e+03
6.440264939859076387e-02 5.927708984375000000e+03
6.754424205218055588e-02 5.652863281250000000e+03
7.068583470577034789e-02 5.676362304687500000e+03
7.382742735936013989e-02 5.202036132812500000e+03
7.696902001294993190e-02 4.890882324218750000e+03
8.011061266653972390e-02 4.870264160156250000e+03
8.325220532012952979e-02 4.403120605468750000e+03
8.639379797371932179e-02 4.119842773437500000e+03
8.953539062730911380e-02 3.926030761718750000e+03
9.267698328089890580e-02 3.660495361328125000e+03
9.581857593448869781e-02 3.517419189453125000e+03
9.896016858807848982e-02 3.326875976562500000e+03
1.021017612416682818e-01 3.100442626953125000e+03
1.052433538952580738e-01 2.993295410156250000e+03
1.083849465488478658e-01 2.928690429687500000e+03
1.115265392024376578e-01 2.826582275390625000e+03
1.146681318560274498e-01 2.712988525390625000e+03
1.178097245096172418e-01 2.699888183593750000e+03
1.209513171632070477e-01 2.537928466796875000e+03
1.240929098167968397e-01 2.526895019531250000e+03
1.272345024703866456e-01 2.464254638671875000e+03
1.303760951239764099e-01 2.454718261718750000e+03
1.335176877775662296e-01 2.338754638671875000e+03
1.366592804311559939e-01 2.274059570312500000e+03
1.398008730847458136e-01 2.198176757812500000e+03
1.429424657383355779e-01 2.111831542968750000e+03
1.460840583919253977e-01 2.052542236328125000e+03
1.492256510455151619e-01 1.961024291992187500e+03
1.523672436991049817e-01 1.882476318359375000e+03
1.555088363526947459e-01 1.816776977539062500e+03
1.586504290062845657e-01 1.752947387695312500e+03
1.617920216598743299e-01 1.696305541992187500e+03
1.649336143134641497e-01 1.621584960937500000e+03
1.680752069670539417e-01 1.577161987304687500e+03
1.712167996206437337e-01 1.529928955078125000e+03
1.743583922742335535e-01 1.525100952148437500e+03
1.774999849278233177e-01 1.472630493164062500e+03
1.806415775814131375e-01 1.462761352539062500e+03
1.837831702350029017e-01 1.425136108398437500e+03
1.869247628885927215e-01 1.392618164062500000e+03
1.900663555421824857e-01 1.361260864257812500e+03
1.932079481957723055e-01 1.334539184570312500e+03
1.963495408493620697e-01 1.313355468750000000e+03
1.994911335029518895e-01 1.279324096679687500e+03
2.026327261565416538e-01 1.248410766601562500e+03
2.057743188101314735e-01 1.231258544921875000e+03
2.089159114637212378e-01 1.193839599609375000e+03
2.120575041173110575e-01 1.152629638671875000e+03
2.151990967709008218e-01 1.149477783203125000e+03
2.183406894244906415e-01 1.101645751953125000e+03
2.214822820780804058e-01 1.083817993164062500e+03
2.246238747316702256e-01 1.064832153320312500e+03
2.277654673852599898e-01 1.027076660156250000e+03
2.309070600388498096e-01 1.020330932617187500e+03
2.340486526924396016e-01 9.967756958007812500e+02
2.371902453460293936e-01 9.892686157226562500e+02
2.403318379996192133e-01 9.592069091796875000e+02
2.434734306532089776e-01 9.438665771484375000e+02
2.466150233067987974e-01 9.365819702148437500e+02
2.497566159603885616e-01 9.145646972656250000e+02
2.528982086139783814e-01 9.006101074218750000e+02
2.560398012675681456e-01 8.776582641601562500e+02
2.591813939211579099e-01 8.664641113281250000e+02
2.623229865747477296e-01 8.524163818359375000e+02
2.654645792283375494e-01 8.473579101562500000e+02
2.686061718819273136e-01 8.240977172851562500e+02
2.717477645355171334e-01 8.279241333007812500e+02
2.748893571891068976e-01 8.071254272460937500e+02
2.780309498426967174e-01 7.892142333984375000e+02
2.811725424962865372e-01 7.789307250976562500e+02
2.843141351498763014e-01 7.642825317382812500e+02
2.874557278034660657e-01 7.471531372070312500e+02
2.905973204570558854e-01 7.446066894531250000e+02
2.937389131106457052e-01 7.276764526367187500e+02
2.968805057642354694e-01 7.179682006835937500e+02
3.000220984178252337e-01 7.022261962890625000e+02
3.031636910714150535e-01 6.936744384765625000e+02
3.063052837250048732e-01 6.874142456054687500e+02
3.094468763785946375e-01 6.785439453125000000e+02
3.125884690321844017e-01 6.743700561523437500e+02
3.157300616857742215e-01 6.622017211914062500e+02
3.188716543393640412e-01 6.485657348632812500e+02
3.220132469929538055e-01 6.411164550781250000e+02
3.251548396465435697e-01 6.332457275390625000e+02
3.282964323001333895e-01 6.322981567382812500e+02
3.314380249537232093e-01 6.196467285156250000e+02
3.345796176073129735e-01 6.126452636718750000e+02
3.377212102609027933e-01 6.073496704101562500e+02
3.408628029144925575e-01 5.927437133789062500e+02
3.440043955680823773e-01 5.904752197265625000e+02
3.471459882216721970e-01 5.785087280273437500e+02
3.502875808752619613e-01 5.739606933593750000e+02
3.534291735288517255e-01 5.685016479492187500e+02
3.565707661824415453e-01 5.592371215820312500e+02
3.597123588360313651e-01 5.542186889648437500e+02
3.628539514896211293e-01 5.466581420898437500e+02
3.659955441432108936e-01 5.406322631835937500e+02
3.691371367968007133e-01 5.359591674804687500e+02
3.722787294503905331e-01 5.330484619140625000e+02
3.754203221039802973e-01 5.210616455078125000e+02
3.785619147575700616e-01 5.185794677734375000e+02
3.817035074111598814e-01 5.124132080078125000e+02
3.848451000647497011e-01 5.081085510253906250e+02
3.879866927183394654e-01 5.010472106933593750e+02
3.911282853719292296e-01 4.969518127441406250e+02
3.942698780255190494e-01 4.933814392089843750e+02
3.974114706791088691e-01 4.896130065917968750e+02
4.005530633326986334e-01 4.826441040039062500e+02
4.036946559862884532e-01 4.781554565429687500e+02
4.068362486398782174e-01 4.742038879394531250e+02
4.099778412934680372e-01 4.653885498046875000e+02
4.131194339470578569e-01 4.643405151367187500e+02
4.162610266006476212e-01 4.591560668945312500e+02
4.194026192542373854e-01 4.569517822265625000e+02
4.225442119078272052e-01 4.517110900878906250e+02
4.256858045614170249e-01 4.434212036132812500e+02
4.288273972150067892e-01 4.427963562011718750e+02
4.319689898685965534e-01 4.391257019042968750e+02
4.351105825221863732e-01 4.340577392578125000e+02
4.382521751757761930e-01 4.337205505371093750e+02
4.413937678293659572e-01 4.275779724121093750e+02
4.445353604829557215e-01 4.239090881347656250e+02
4.476769531365455412e-01 4.183641357421875000e+02
4.508185457901353610e-01 4.172818298339843750e+02
4.539601384437251252e-01 4.113172302246093750e+02
4.571017310973148895e-01 4.089851074218750000e+02
4.602433237509047093e-01 4.071141052246093750e+02
4.633849164044945290e-01 4.022299499511718750e+02
4.665265090580842933e-01 3.991195678710937500e+02
4.696681017116741130e-01 3.940487670898437500e+02
4.728096943652638773e-01 3.929264221191406250e+02
4.759512870188536970e-01 3.894477233886718750e+02
4.790928796724435168e-01 3.858935241699218750e+02
4.822344723260332811e-01 3.850447082519531250e+02
4.853760649796230453e-01 3.808122558593750000e+02
4.885176576332128651e-01 3.787923583984375000e+02
4.916592502868026848e-01 3.754951171875000000e+02
4.948008429403924491e-01 3.715925598144531250e+02
4.979424355939822133e-01 3.680612487792968750e+02
5.010840282475720331e-01 3.674599914550781250e+02
5.042256209011618528e-01 3.642791442871093750e+02
5.073672135547515616e-01 3.601179809570312500e+02
5.105088062083413813e-01 3.584686279296875000e+02
5.136503988619312011e-01 3.553273925781250000e+02
5.167919915155210209e-01 3.540401611328125000e+02
5.199335841691108406e-01 3.518417358398437500e+02
5.230751768227005494e-01 3.476064758300781250e+02
5.262167694762903691e-01 3.471251525878906250e+02
5.293583621298801889e-01 3.413099670410156250e+02
5.324999547834698976e-01 3.410241088867187500e+02
5.356415474370597174e-01 3.385292358398437500e+02
5.387831400906495372e-01 3.375765991210937500e+02
5.419247327442393569e-01 3.341909484863281250e+02
5.450663253978291767e-01 3.306622924804687500e+02
5.482079180514189964e-01 3.293512878417968750e+02
5.513495107050087052e-01 3.280141906738281250e+02
5.544911033585985249e-01 3.249022521972656250e+02
5.576326960121883447e-01 3.238833923339843750e+02
5.607742886657780534e-01 3.215838012695312500e+02
5.639158813193678732e-01 3.186326293945312500e+02
5.670574739729576930e-01 3.180984497070312500e+02
5.701990666265475127e-01 3.161060485839843750e+02
5.733406592801373325e-01 3.137870483398437500e+02
5.764822519337270412e-01 3.115622253417968750e+02
5.796238445873168610e-01 3.098728332519531250e+02
5.827654372409066807e-01 3.070318298339843750e+02
5.859070298944963895e-01 3.053577575683593750e+02
5.890486225480862092e-01 3.029897155761718750e+02
5.921902152016760290e-01 3.021152038574218750e+02
5.953318078552658488e-01 3.006122741699218750e+02
5.984734005088556685e-01 2.990289001464843750e+02
6.016149931624453773e-01 2.974855651855468750e+02
6.047565858160351970e-01 2.947524414062500000e+02
6.078981784696250168e-01 2.935523986816406250e+02
6.110397711232148366e-01 2.913164672851562500e+02
6.141813637768045453e-01 2.904299011230468750e+02
6.173229564303943651e-01 2.880021057128906250e+02
6.204645490839841848e-01 2.869542541503906250e+02
6.236061417375740046e-01 2.853305053710937500e+02
6.267477343911638243e-01 2.843709716796875000e+02
6.298893270447535331e-01 2.828017272949218750e+02
6.330309196983433528e-01 2.810646972656250000e+02
6.361725123519331726e-01 2.789524230957031250e+02
6.393141050055228813e-01 2.778759765625000000e+02
6.424556976591127011e-01 2.760970764160156250e+02
6.455972903127025209e-01 2.748323669433593750e+02
6.487388829662923406e-01 2.744815368652343750e+02
6.518804756198821604e-01 2.723006896972656250e+02
6.550220682734718691e-01 2.716153564453125000e+02
6.581636609270616889e-01 2.691381835937500000e+02
6.613052535806515086e-01 2.678791198730468750e+02
6.644468462342412174e-01 2.664642639160156250e+02
6.675884388878310371e-01 2.654477844238281250e+02
6.707300315414208569e-01 2.643015136718750000e+02
6.738716241950106767e-01 2.623191223144531250e+02
6.770132168486004964e-01 2.605673217773437500e+02
6.801548095021903162e-01 2.596228027343750000e+02
6.832964021557800249e-01 2.578461914062500000e+02
6.864379948093698447e-01 2.579451293945312500e+02
6.895795874629596645e-01 2.567169189453125000e+02
6.927211801165493732e-01 2.554658660888671875e+02
6.958627727701391930e-01 2.532713165283203125e+02
6.990043654237290127e-01 2.518389129638671875e+02
7.021459580773188325e-01 2.509885864257812500e+02
7.052875507309086522e-01 2.504299316406250000e+02
7.084291433844983610e-01 2.493182220458984375e+02
7.115707360380881807e-01 2.482506408691406250e+02
7.147123286916780005e-01 2.459741821289062500e+02
7.178539213452677092e-01 2.449960784912109375e+02
7.209955139988575290e-01 2.441933898925781250e+02
7.241371066524473488e-01 2.433878631591796875e+02
7.272786993060371685e-01 2.417103271484375000e+02
7.304202919596269883e-01 2.412978057861328125e+02
7.335618846132166970e-01 2.397377777099609375e+02
7.367034772668065168e-01 2.392492370605468750e+02
7.398450699203963365e-01 2.387206726074218750e+02
7.429866625739861563e-01 2.371699066162109375e+02
7.461282552275758650e-01 2.368288879394531250e+02
7.492698478811656848e-01 2.343138427734375000e+02
7.524114405347555046e-01 2.343604125976562500e+02
7.555530331883453243e-01 2.328675537109375000e+02
7.586946258419351441e-01 2.315118865966796875e+02
7.618362184955248528e-01 2.304763336181640625e+02
7.649778111491146726e-01 2.302676696777343750e+02
7.681194038027044924e-01 2.289024353027343750e+02
7.712609964562942011e-01 2.280481414794921875e+02
7.744025891098840209e-01 2.279610290527343750e+02
7.775441817634738406e-01 2.258999938964843750e+02
7.806857744170636604e-01 2.250474853515625000e+02
7.838273670706534801e-01 2.248620910644531250e+02
7.869689597242431889e-01 2.228275909423828125e+02
7.901105523778330086e-01 2.219452209472656250e+02
7.932521450314228284e-01 2.217266387939453125e+02
7.963937376850125371e-01 2.210253448486328125e+02
7.995353303386023569e-01 2.193987579345703125e+02
8.026769229921921767e-01 2.187484741210937500e+02
8.058185156457819964e-01 2.175247650146484375e+02
8.089601082993718162e-01 2.172462615966796875e+02
8.121017009529616359e-01 2.162346038818359375e+02
8.152432936065513447e-01 2.151968841552734375e+02
8.183848862601411644e-01 2.140941772460937500e+02
8.215264789137309842e-01 2.136134185791015625e+02
8.246680715673206929e-01 2.127084503173828125e+02
8.278096642209105127e-01 2.124331970214843750e+02
8.309512568745003325e-01 2.108486938476562500e+02
8.340928495280901522e-01 2.103434906005859375e+02
8.372344421816799720e-01 2.094385528564453125e+02
8.403760348352696807e-01 2.090664520263671875e+02
8.435176274888595005e-01 2.080778808593750000e+02
8.466592201424493203e-01 2.075284423828125000e+02
8.498008127960390290e-01 2.068455352783203125e+02
8.529424054496288488e-01 2.065324249267578125e+02
8.560839981032186685e-01 2.048922271728515625e+02
8.592255907568084883e-01 2.044415283203125000e+02
8.623671834103983080e-01 2.036909179687500000e+02
8.655087760639880168e-01 2.027059631347656250e+02
8.686503687175778365e-01 2.015409545898437500e+02
8.717919613711676563e-01 2.012542419433593750e+02
8.749335540247574761e-01 2.002871551513671875e+02
8.780751466783471848e-01 2.001951599121093750e+02
8.812167393319370046e-01 1.989995117187500000e+02
8.843583319855268243e-01 1.984023590087890625e+02
8.874999246391166441e-01 1.976062622070312500e+02
8.906415172927064638e-01 1.968488159179687500e+02
8.937831099462961726e-01 1.958107910156250000e+02
8.969247025998859923e-01 1.951631622314453125e+02
9.000662952534758121e-01 1.952067718505859375e+02
9.032078879070655208e-01 1.943729400634765625e+02
