1.570796326794896653e-03 6.728449707031250000e+03
4.712388980384689743e-03 7.677683105468750000e+03
7.853981633974483484e-03 1.104795214843750000e+04
1.099557428756427549e-02 1.323488378906250000e+04
1.413716694115407096e-02 1.346125488281250000e+04
1.727875959474386297e-02 1.412031250000000000e+04
2.042035224833365498e-02 1.411957128906250000e+04
2.356194490192345045e-02 1.181716406250000000e+04
2.670353755551324246e-02 1.328885937500000000e+04
2.984513020910303793e-02 1.140428515625000000e+04
3.298672286269282994e-02 1.000426171875000000e+04
3.612831551628262194e-02 9.175430664062500000e+03
3.926990816987241395e-02 9.090683593750000000e+03
4.241150082346220596e-02 8.234588867187500000e+03
4.555309347705200490e-02 7.901544433593750000e+03
4.869468613064179691e-02 7.257378417968750000e+03
5.183627878423158891e-02 6.766885253906250000e+03
5.497787143782138092e-02 6.961427734375000000e+03
5.811946409141117986e-02 6.326966308593750000e+03
6.126105674500097187e-02 6.177011718750000000e+03
6.440264939859076387e-02 5.659095703125000000e+03
6.754424205218055588e-02 5.710602539062500000e+03
7.068583470577034789e-02 5.606614746093750000e+03
7.382742735936013989e-02 5.416722167968750000e+03
7.696902001294993190e-02 4.956590332031250000e+03
8.011061266653972390e-02 4.793068847656250000e+03
8.325220532012952979e-02 4.399866699218750000e+03
8.639379797371932179e-02 4.191999023437500000e+03
8.953539062730911380e-02 3.957169189453125000e+03
9.267698328089890580e-02 3.716275146484375000e+03
9.581857593448869781e-02 3.535254882812500000e+03
9.896016858807848982e-02 3.364901367187500000e+03
1.021017612416682818e-01 3.167510986328125000e+03
1.052433538952580738e-01 3.065453857421875000e+03
1.083849465488478658e-01 2.849743652343750000e+03
1.115265392024376578e-01 2.823046630859375000e+03
1.146681318560274498e-01 2.712681884765625000e+03
1.178097245096172418e-01 2.677632812500000000e+03
1.209513171632070477e-01 2.613290039062500000e+03
1.240929098167968397e-01 2.525970947265625000e+03
1.272345024703866456e-01 2.505442138671875000e+03
1.303760951239764099e-01 2.428234863281250000e+03
1.335176877775662296e-01 2.377617431640625000e+03
1.366592804311559939e-01 2.265358642578125000e+03
1.398008730847458136e-01 2.202313232421875000e+03
1.429424657383355779e-01 2.128250488281250000e+03
1.460840583919253977e-01 2.006202270507812500e+03
1.492256510455151619e-01 1.964437622070312500e+03
1.523672436991049817e-01 1.894318481445312500e+03
1.555088363526947459e-01 1.817538452148437500e+03
1.586504290062845657e-01 1.748312866210937500e+03
1.617920216598743299e-01 1.692099365234375000e+03
1.649336143134641497e-01 1.630101928710937500e+03
1.680752069670539417e-01 1.578878417968750000e+03
1.712167996206437337e-01 1.537033081054687500e+03
1.743583922742335535e-01 1.513098510742187500e+03
1.774999849278233177e-01 1.499184204101562500e+03
1.806415775814131375e-01 1.455303955078125000e+03
1.837831702350029017e-01 1.439024536132812500e+03
1.869247628885927215e-01 1.392203979492187500e+03
1.900663555421824857e-01 1.382790405273437500e+03
1.932079481957723055e-01 1.335315917968750000e+03
1.963495408493620697e-01 1.315071044921875000e+03
1.994911335029518895e-01 1.300434448242187500e+03
2.026327261565416538e-01 1.242801025390625000e+03
2.057743188101314735e-01 1.226931030273437500e+03
2.089159114637212378e-01 1.201230834960937500e+03
2.120575041173110575e-01 1.178546264648437500e+03
2.151990967709008218e-01 1.135223632812500000e+03
2.183406894244906415e-01 1.110713134765625000e+03
2.214822820780804058e-01 1.099282104492187500e+03
2.246238747316702256e-01 1.062517822265625000e+03
2.277654673852599898e-01 1.038854125976562500e+03
2.309070600388498096e-01 1.016322448730468750e+03
2.340486526924396016e-01 9.919739379882812500e+02
2.371902453460293936e-01 9.773592529296875000e+02
2.403318379996192133e-01 9.588530883789062500e+02
2.434734306532089776e-01 9.446481323242187500e+02
2.466150233067987974e-01 9.225238037109375000e+02
2.497566159603885616e-01 9.148420410156250000e+02
2.528982086139783814e-01 8.952214355468750000e+02
2.560398012675681456e-01 8.837865600585937500e+02
2.591813939211579099e-01 8.758821411132812500e+02
2.623229865747477296e-01 8.574188842773437500e+02
2.654645792283375494e-01 8.439159545898437500e+02
2.686061718819273136e-01 8.306346435546875000e+02
2.717477645355171334e-01 8.152484130859375000e+02
2.748893571891068976e-01 8.040980224609375000e+02
2.780309498426967174e-01 7.898778686523437500e+02
2.811725424962865372e-01 7.758624267578125000e+02
2.843141351498763014e-01 7.628389282226562500e+02
2.874557278034660657e-01 7.518943481445312500e+02
2.905973204570558854e-01 7.351629028320312500e+02
2.937389131106457052e-01 7.279466552734375000e+02
2.968805057642354694e-01 7.204990234375000000e+02
3.000220984178252337e-01 7.086657714843750000e+02
3.031636910714150535e-01 7.029570312500000000e+02
3.063052837250048732e-01 6.886219482421875000e+02
3.094468763785946375e-01 6.777846679687500000e+02
3.125884690321844017e-01 6.734669799804687500e+02
3.157300616857742215e-01 6.596694946289062500e+02
3.188716543393640412e-01 6.545544433593750000e+02
3.220132469929538055e-01 6.433472290039062500e+02
3.251548396465435697e-01 6.361259155273437500e+02
3.282964323001333895e-01 6.279531250000000000e+02
3.314380249537232093e-01 6.222446899414062500e+02
3.345796176073129735e-01 6.124270629882812500e+02
3.377212102609027933e-01 6.013484497070312500e+02
3.408628029144925575e-01 5.940581665039062500e+02
3.440043955680823773e-01 5.886565551757812500e+02
3.471459882216721970e-01 5.829941406250000000e+02
3.502875808752619613e-01 5.772057495117187500e+02
3.534291735288517255e-01 5.658330078125000000e+02
3.565707661824415453e-01 5.669716186523437500e+02
3.597123588360313651e-01 5.527460327148437500e+02
3.628539514896211293e-01 5.474071044921875000e+02
3.659955441432108936e-01 5.442525024414062500e+02
3.691371367968007133e-01 5.341370239257812500e+02
3.722787294503905331e-01 5.258864135742187500e+02
3.754203221039802973e-01 5.233185424804687500e+02
3.785619147575700616e-01 5.197554321289062500e+02
3.817035074111598814e-01 5.147501831054687500e+02
3.848451000647497011e-01 5.112947387695312500e+02
3.879866927183394654e-01 5.002304992675781250e+02
3.911282853719292296e-01 4.985715942382812500e+02
3.942698780255190494e-01 4.935515136718750000e+02
3.974114706791088691e-01 4.884134216308593750e+02
4.005530633326986334e-01 4.825698852539062500e+02
4.036946559862884532e-01 4.774241943359375000e+02
4.068362486398782174e-01 4.745462341308593750e+02
4.099778412934680372e-01 4.686372985839843750e+02
4.131194339470578569e-01 4.646721801757812500e+02
4.162610266006476212e-01 4.610226440429687500e+02
4.194026192542373854e-01 4.554914550781250000e+02
4.225442119078272052e-01 4.501330261230468750e+02
4.256858045614170249e-01 4.443866882324218750e+02
4.288273972150067892e-01 4.425687561035156250e+02
4.319689898685965534e-01 4.381217041015625000e+02
4.351105825221863732e-01 4.347957153320312500e+02
4.382521751757761930e-01 4.308090820312500000e+02
4.413937678293659572e-01 4.257384948730468750e+02
4.445353604829557215e-01 4.229484252929687500e+02
4.476769531365455412e-01 4.196903381347656250e+02
4.508185457901353610e-01 4.153465576171875000e+02
4.539601384437251252e-01 4.121032409667968750e+02
4.571017310973148895e-01 4.073059692382812500e+02
4.602433237509047093e-01 4.060494384765625000e+02
4.633849164044945290e-01 4.025053710937500000e+02
4.665265090580842933e-01 3.996948242187500000e+02
4.696681017116741130e-01 3.962123718261718750e+02
4.728096943652638773e-01 3.927065734863281250e+02
4.759512870188536970e-01 3.901776733398437500e+02
4.790928796724435168e-01 3.852620544433593750e+02
4.822344723260332811e-01 3.829223327636718750e+02
4.853760649796230453e-01 3.802524414062500000e+02
4.885176576332128651e-01 3.781625671386718750e+02
4.916592502868026848e-01 3.737785339355468750e+02
4.948008429403924491e-01 3.703788757324218750e+02
4.979424355939822133e-01 3.679281616210937500e+02
5.010840282475720331e-01 3.677250366210937500e+02
5.042256209011618528e-01 3.636070251464843750e+02
5.073672135547515616e-01 3.614991760253906250e+02
5.105088062083413813e-01 3.585760498046875000e+02
5.136503988619312011e-01 3.556625976562500000e+02
5.167919915155210209e-01 3.524688110351562500e+02
5.199335841691108406e-01 3.500989379882812500e+02
5.230751768227005494e-01 3.477616271972656250e+02
5.262167694762903691e-01 3.452254028320312500e+02
5.293583621298801889e-01 3.440293884277343750e+02
5.324999547834698976e-01 3.408686218261718750e+02
5.356415474370597174e-01 3.395435791015625000e+02
5.387831400906495372e-01 3.366278381347656250e+02
5.419247327442393569e-01 3.339206848144531250e+02
5.450663253978291767e-01 3.332650451660156250e+02
5.482079180514189964e-01 3.295380859375000000e+02
5.513495107050087052e-01 3.270758972167968750e+02
5.544911033585985249e-01 3.246651000976562500e+02
5.576326960121883447e-01 3.229839782714843750e+02
5.607742886657780534e-01 3.208627014160156250e+02
5.639158813193678732e-01 3.196993103027343750e+02
5.670574739729576930e-01 3.165751953125000000e+02
5.701990666265475127e-01 3.153488464355468750e+02
5.733406592801373325e-01 3.135474243164062500e+02
5.764822519337270412e-01 3.121732788085937500e+02
5.796238445873168610e-01 3.094982604980468750e+02
5.827654372409066807e-01 3.079380187988281250e+02
5.859070298944963895e-01 3.062624206542968750e+02
5.890486225480862092e-01 3.041801452636718750e+02
5.921902152016760290e-01 3.031079101562500000e+02
5.953318078552658488e-01 3.006405944824218750e+02
5.984734005088556685e-01 2.985683593750000000e+02
6.016149931624453773e-01 2.958065795898437500e+02
6.047565858160351970e-01 2.953107910156250000e+02
6.078981784696250168e-01 2.929507751464843750e+02
6.110397711232148366e-01 2.911280822753906250e+02
6.141813637768045453e-01 2.903171691894531250e+02
6.173229564303943651e-01 2.881461791992187500e+02
6.204645490839841848e-01 2.871040344238281250e+02
6.236061417375740046e-01 2.846743469238281250e+02
6.267477343911638243e-01 2.833850097656250000e+02
6.298893270447535331e-01 2.824045410156250000e+02
6.330309196983433528e-01 2.805747985839843750e+02
6.361725123519331726e-01 2.792049865722656250e+02
6.393141050055228813e-01 2.766307678222656250e+02
6.424556976591127011e-01 2.770898132324218750e+02
6.455972903127025209e-01 2.744433593750000000e+02
6.487388829662923406e-01 2.736579284667968750e+02
6.518804756198821604e-01 2.724066467285156250e+02
6.550220682734718691e-01 2.711703491210937500e+02
6.581636609270616889e-01 2.691508178710937500e+02
6.613052535806515086e-01 2.673258361816406250e+02
6.644468462342412174e-01 2.670603942871093750e+02
6.675884388878310371e-01 2.648944396972656250e+02
6.707300315414208569e-01 2.641446533203125000e+02
6.738716241950106767e-01 2.625736083984375000e+02
6.770132168486004964e-01 2.614854736328125000e+02
6.801548095021903162e-01 2.597418212890625000e+02
6.832964021557800249e-01 2.578120422363281250e+02
6.864379948093698447e-01 2.579176940917968750e+02
6.895795874629596645e-01 2.549725799560546875e+02
6.927211801165493732e-01 2.543916931152343750e+02
6.958627727701391930e-01 2.537671813964843750e+02
6.990043654237290127e-01 2.519750213623046875e+02
7.021459580773188325e-01 2.514831237792968750e+02
7.052875507309086522e-01 2.496264801025390625e+02
7.084291433844983610e-01 2.484825286865234375e+02
7.115707360380881807e-01 2.475334777832031250e+02
7.147123286916780005e-01 2.468164520263671875e+02
7.178539213452677092e-01 2.456092987060546875e+02
7.209955139988575290e-01 2.447832794189453125e+02
7.241371066524473488e-01 2.427767333984375000e+02
7.272786993060371685e-01 2.421943206787109375e+02
7.304202919596269883e-01 2.411549987792968750e+02
7.335618846132166970e-01 2.397545623779296875e+02
7.367034772668065168e-01 2.385143890380859375e+02
7.398450699203963365e-01 2.382483978271484375e+02
7.429866625739861563e-01 2.364112854003906250e+02
7.461282552275758650e-01 2.357038726806640625e+02
7.492698478811656848e-01 2.344243316650390625e+02
7.524114405347555046e-01 2.337915039062500000e+02
7.555530331883453243e-01 2.325325775146484375e+02
7.586946258419351441e-01 2.311522369384765625e+02
7.618362184955248528e-01 2.310776062011718750e+02
7.649778111491146726e-01 2.293723449707031250e+02
7.681194038027044924e-01 2.286160125732421875e+02
7.712609964562942011e-01 2.280271453857421875e+02
7.744025891098840209e-01 2.268926239013671875e+02
7.775441817634738406e-01 2.258062133789062500e+02
7.806857744170636604e-01 2.249449157714843750e+02
7.838273670706534801e-01 2.235022735595703125e+02
7.869689597242431889e-01 2.235120239257812500e+02
7.901105523778330086e-01 2.223815002441406250e+02
7.932521450314228284e-01 2.210013427734375000e+02
7.963937376850125371e-01 2.203721923828125000e+02
7.995353303386023569e-01 2.196945495605468750e+02
8.026769229921921767e-01 2.191696624755859375e+02
8.058185156457819964e-01 2.175940093994140625e+02
8.089601082993718162e-01 2.166904144287109375e+02
8.121017009529616359e-01 2.158652648925781250e+02
8.152432936065513447e-01 2.155635833740234375e+02
8.183848862601411644e-01 2.146065063476562500e+02
8.215264789137309842e-01 2.134460449218750000e+02
8.246680715673206929e-01 2.129621582031250000e+02
8.278096642209105127e-01 2.126907043457031250e+02
8.309512568745003325e-01 2.111297149658203125e+02
8.340928495280901522e-01 2.102708587646484375e+02
8.372344421816799720e-01 2.093571319580078125e+02
8.403760348352696807e-01 2.087414550781250000e+02
8.435176274888595005e-01 2.080559539794921875e+02
8.466592201424493203e-01 2.069332733154296875e+02
8.498008127960390290e-01 2.067474365234375000e+02
8.529424054496288488e-01 2.057083282470703125e+02
8.560839981032186685e-01 2.054299468994140625e+02
8.592255907568084883e-01 2.043894195556640625e+02
8.623671834103983080e-01 2.034047698974609375e+02
8.655087760639880168e-01 2.029693145751953125e+02
8.686503687175778365e-01 2.016857147216796875e+02
8.717919613711676563e-01 2.015021514892578125e+02
8.749335540247574761e-01 2.010844116210937500e+02
8.780751466783471848e-01 2.004827575683593750e+02
8.812167393319370046e-01 1.994033203125000000e+02
8.843583319855268243e-01 1.981260375976562500e+02
8.874999246391166441e-01 1.977803344726562500e+02
8.906415172927064638e-01 1.975859069824218750e+02
8.937831099462961726e-01 1.966118316650390625e+02
8.969247025998859923e-01 1.953746032714843750e+02
9.000662952534758121e-01 1.951079254150390625e+02
9.032078879070655208e-01 1.941425933837890625e+02
