1.570796326794896653e-03 6.938855957031250000e+03
4.712388980384689743e-03 6.584892578125000000e+03
7.853981633974483484e-03 1.066916699218750000e+04
1.099557428756427549e-02 1.398528027343750000e+04
1.413716694115407096e-02 1.342097167968750000e+04
1.727875959474386297e-02 1.398262011718750000e+04
2.042035224833365498e-02 1.448259179687500000e+04
2.356194490192345045e-02 1.398635253906250000e+04
2.670353755551324246e-02 1.207183398437500000e+04
2.984513020910303793e-02 1.104972558593750000e+04
3.298672286269282994e-02 1.018034863281250000e+04
3.612831551628262194e-02 8.759121093750000000e+03
3.926990816987241395e-02 8.740335937500000000e+03
4.241150082346220596e-02 8.055636718750000000e+03
4.555309347705200490e-02 7.312462890625000000e+03
4.869468613064179691e-02 6.651453125000000000e+03
5.183627878423158891e-02 6.402718750000000000e+03
5.497787143782138092e-02 6.356888671875000000e+03
5.811946409141117986e-02 6.291624023437500000e+03
6.126105674500097187e-02 5.745433105468750000e+03
6.440264939859076387e-02 5.410552734375000000e+03
6.754424205218055588e-02 5.458491210937500000e+03
7.068583470577034789e-02 5.075235839843750000e+03
7.382742735936013989e-02 4.806152343750000000e+03
7.696902001294993190e-02 4.661998535156250000e+03
8.011061266653972390e-02 4.133625000000000000e+03
8.325220532012952979e-02 4.042898193359375000e+03
8.639379797371932179e-02 3.659057128906250000e+03
8.953539062730911380e-02 3.613945068359375000e+03
9.267698328089890580e-02 3.271238769531250000e+03
9.581857593448869781e-02 3.066404785156250000e+03
9.896016858807848982e-02 2.892796875000000000e+03
1.021017612416682818e-01 2.740171630859375000e+03
1.052433538952580738e-01 2.654000000000000000e+03
1.083849465488478658e-01 2.502604492187500000e+03
1.115265392024376578e-01 2.404271484375000000e+03
1.146681318560274498e-01 2.359974365234375000e+03
1.178097245096172418e-01 2.241091552734375000e+03
1.209513171632070477e-01 2.246402587890625000e+03
1.240929098167968397e-01 2.140696777343750000e+03
1.272345024703866456e-01 2.092135498046875000e+03
1.303760951239764099e-01 2.017452026367187500e+03
1.335176877775662296e-01 1.932213745117187500e+03
1.366592804311559939e-01 1.868134765625000000e+03
1.398008730847458136e-01 1.823311645507812500e+03
1.429424657383355779e-01 1.746271484375000000e+03
1.460840583919253977e-01 1.654983032226562500e+03
1.492256510455151619e-01 1.574168823242187500e+03
1.523672436991049817e-01 1.474173339843750000e+03
1.555088363526947459e-01 1.418445190429687500e+03
1.586504290062845657e-01 1.360691894531250000e+03
1.617920216598743299e-01 1.322840454101562500e+03
1.649336143134641497e-01 1.273503173828125000e+03
1.680752069670539417e-01 1.243473022460937500e+03
1.712167996206437337e-01 1.189708251953125000e+03
1.743583922742335535e-01 1.154735717773437500e+03
1.774999849278233177e-01 1.116842773437500000e+03
1.806415775814131375e-01 1.074193237304687500e+03
1.837831702350029017e-01 1.078271240234375000e+03
1.869247628885927215e-01 1.042343139648437500e+03
1.900663555421824857e-01 1.010273071289062500e+03
1.932079481957723055e-01 9.692123413085937500e+02
1.963495408493620697e-01 9.474918212890625000e+02
1.994911335029518895e-01 9.092152709960937500e+02
2.026327261565416538e-01 8.952015991210937500e+02
2.057743188101314735e-01 8.740268554687500000e+02
2.089159114637212378e-01 8.472854003906250000e+02
2.120575041173110575e-01 8.143057250976562500e+02
2.151990967709008218e-01 7.871920166015625000e+02
2.183406894244906415e-01 7.662081298828125000e+02
2.214822820780804058e-01 7.350359497070312500e+02
2.246238747316702256e-01 7.235533447265625000e+02
2.277654673852599898e-01 6.951754150390625000e+02
2.309070600388498096e-01 6.772986450195312500e+02
2.340486526924396016e-01 6.598090209960937500e+02
2.371902453460293936e-01 6.415429687500000000e+02
2.403318379996192133e-01 6.247321166992187500e+02
2.434734306532089776e-01 6.067285156250000000e+02
2.466150233067987974e-01 5.976979370117187500e+02
2.497566159603885616e-01 5.795782470703125000e+02
2.528982086139783814e-01 5.695325927734375000e+02
2.560398012675681456e-01 5.553925170898437500e+02
2.591813939211579099e-01 5.400631103515625000e+02
2.623229865747477296e-01 5.278217163085937500e+02
2.654645792283375494e-01 5.142163696289062500e+02
2.686061718819273136e-01 5.035687561035156250e+02
2.717477645355171334e-01 4.917683410644531250e+02
2.748893571891068976e-01 4.773357238769531250e+02
2.780309498426967174e-01 4.659836730957031250e+02
2.811725424962865372e-01 4.561213378906250000e+02
2.843141351498763014e-01 4.420499877929687500e+02
2.874557278034660657e-01 4.350176391601562500e+02
2.905973204570558854e-01 4.248061828613281250e+02
2.937389131106457052e-01 4.132958068847656250e+02
2.968805057642354694e-01 4.061148071289062500e+02
3.000220984178252337e-01 3.956552429199218750e+02
3.031636910714150535e-01 3.904519958496093750e+02
3.063052837250048732e-01 3.793781127929687500e+02
3.094468763785946375e-01 3.682654724121093750e+02
3.125884690321844017e-01 3.617439270019531250e+02
3.157300616857742215e-01 3.572946777343750000e+02
3.188716543393640412e-01 3.493398437500000000e+02
3.220132469929538055e-01 3.403679199218750000e+02
3.251548396465435697e-01 3.333255615234375000e+02
3.282964323001333895e-01 3.273282775878906250e+02
3.314380249537232093e-01 3.187043762207031250e+02
3.345796176073129735e-01 3.145513610839843750e+02
3.377212102609027933e-01 3.065958862304687500e+02
3.408628029144925575e-01 2.995674743652343750e+02
3.440043955680823773e-01 2.926393737792968750e+02
3.471459882216721970e-01 2.881286926269531250e+02
3.502875808752619613e-01 2.819403076171875000e+02
3.534291735288517255e-01 2.764960937500000000e+02
3.565707661824415453e-01 2.736112060546875000e+02
3.597123588360313651e-01 2.655013732910156250e+02
3.628539514896211293e-01 2.611180725097656250e+02
3.659955441432108936e-01 2.557463073730468750e+02
3.691371367968007133e-01 2.520214691162109375e+02
3.722787294503905331e-01 2.463196105957031250e+02
3.754203221039802973e-01 2.421813049316406250e+02
3.785619147575700616e-01 2.364222412109375000e+02
3.817035074111598814e-01 2.326369018554687500e+02
3.848451000647497011e-01 2.284151306152343750e+02
3.879866927183394654e-01 2.257827148437500000e+02
3.911282853719292296e-01 2.200113983154296875e+02
3.942698780255190494e-01 2.156294250488281250e+02
3.974114706791088691e-01 2.129724731445312500e+02
4.005530633326986334e-01 2.081926879882812500e+02
4.036946559862884532e-01 2.045812072753906250e+02
4.068362486398782174e-01 2.001198883056640625e+02
4.099778412934680372e-01 1.972092590332031250e+02
4.131194339470578569e-01 1.940633087158203125e+02
4.162610266006476212e-01 1.909750976562500000e+02
4.194026192542373854e-01 1.867405853271484375e+02
4.225442119078272052e-01 1.845247039794921875e+02
4.256858045614170249e-01 1.807660675048828125e+02
4.288273972150067892e-01 1.772318267822265625e+02
4.319689898685965534e-01 1.736379241943359375e+02
4.351105825221863732e-01 1.718456115722656250e+02
4.382521751757761930e-01 1.692735595703125000e+02
4.413937678293659572e-01 1.664493408203125000e+02
4.445353604829557215e-01 1.636526489257812500e+02
4.476769531365455412e-01 1.606518707275390625e+02
4.508185457901353610e-01 1.575946350097656250e+02
4.539601384437251252e-01 1.555265350341796875e+02
4.571017310973148895e-01 1.525834808349609375e+02
4.602433237509047093e-01 1.498567810058593750e+02
4.633849164044945290e-01 1.477041015625000000e+02
4.665265090580842933e-01 1.456305389404296875e+02
4.696681017116741130e-01 1.430386505126953125e+02
4.728096943652638773e-01 1.413071441650390625e+02
4.759512870188536970e-01 1.388261871337890625e+02
4.790928796724435168e-01 1.368878479003906250e+02
4.822344723260332811e-01 1.347906646728515625e+02
4.853760649796230453e-01 1.325632781982421875e+02
4.885176576332128651e-01 1.302955322265625000e+02
4.916592502868026848e-01 1.289115905761718750e+02
4.948008429403924491e-01 1.272970275878906250e+02
4.979424355939822133e-01 1.243632431030273438e+02
5.010840282475720331e-01 1.233763351440429688e+02
5.042256209011618528e-01 1.205295791625976562e+02
5.073672135547515616e-01 1.185852737426757812e+02
5.105088062083413813e-01 1.171503295898437500e+02
5.136503988619312011e-01 1.159993591308593750e+02
5.167919915155210209e-01 1.138500671386718750e+02
5.199335841691108406e-01 1.126710510253906250e+02
5.230751768227005494e-01 1.104881973266601562e+02
5.262167694762903691e-01 1.088977508544921875e+02
5.293583621298801889e-01 1.073849792480468750e+02
5.324999547834698976e-01 1.055573043823242188e+02
5.356415474370597174e-01 1.044627990722656250e+02
5.387831400906495372e-01 1.023314437866210938e+02
5.419247327442393569e-01 1.014683456420898438e+02
5.450663253978291767e-01 1.004557342529296875e+02
5.482079180514189964e-01 9.868713378906250000e+01
5.513495107050087052e-01 9.725859069824218750e+01
5.544911033585985249e-01 9.549542999267578125e+01
5.576326960121883447e-01 9.461094665527343750e+01
5.607742886657780534e-01 9.327324676513671875e+01
5.639158813193678732e-01 9.195215606689453125e+01
5.670574739729576930e-01 9.102124786376953125e+01
5.701990666265475127e-01 8.951418304443359375e+01
5.733406592801373325e-01 8.805335235595703125e+01
5.764822519337270412e-01 8.729628753662109375e+01
5.796238445873168610e-01 8.598420715332031250e+01
5.827654372409066807e-01 8.507362365722656250e+01
5.859070298944963895e-01 8.388877105712890625e+01
5.890486225480862092e-01 8.255565643310546875e+01
5.921902152016760290e-01 8.157381439208984375e+01
5.953318078552658488e-01 8.048155212402343750e+01
5.984734005088556685e-01 7.931497192382812500e+01
6.016149931624453773e-01 7.835062408447265625e+01
6.047565858160351970e-01 7.725460052490234375e+01
6.078981784696250168e-01 7.635781097412109375e+01
6.110397711232148366e-01 7.563368225097656250e+01
6.141813637768045453e-01 7.458225250244140625e+01
6.173229564303943651e-01 7.364051055908203125e+01
6.204645490839841848e-01 7.255571746826171875e+01
6.236061417375740046e-01 7.173996734619140625e+01
6.267477343911638243e-01 7.085963439941406250e+01
6.298893270447535331e-01 6.982723236083984375e+01
6.330309196983433528e-01 6.901473999023437500e+01
6.361725123519331726e-01 6.815507507324218750e+01
6.393141050055228813e-01 6.746469116210937500e+01
6.424556976591127011e-01 6.678456878662109375e+01
6.455972903127025209e-01 6.589761352539062500e+01
6.487388829662923406e-01 6.483660888671875000e+01
6.518804756198821604e-01 6.430258941650390625e+01
6.550220682734718691e-01 6.329962921142578125e+01
6.581636609270616889e-01 6.288531875610351562e+01
6.613052535806515086e-01 6.206242752075195312e+01
6.644468462342412174e-01 6.129400253295898438e+01
6.675884388878310371e-01 6.053906631469726562e+01
6.707300315414208569e-01 5.993342590332031250e+01
6.738716241950106767e-01 5.883834838867187500e+01
6.770132168486004964e-01 5.839844894409179688e+01
6.801548095021903162e-01 5.772779846191406250e+01
6.832964021557800249e-01 5.702330017089843750e+01
6.864379948093698447e-01 5.641719436645507812e+01
6.895795874629596645e-01 5.576155471801757812e+01
6.927211801165493732e-01 5.516702270507812500e+01
6.958627727701391930e-01 5.452770996093750000e+01
6.990043654237290127e-01 5.392792892456054688e+01
7.021459580773188325e-01 5.338554382324218750e+01
7.052875507309086522e-01 5.262739562988281250e+01
7.084291433844983610e-01 5.211343765258789062e+01
7.115707360380881807e-01 5.161709213256835938e+01
7.147123286916780005e-01 5.091504287719726562e+01
7.178539213452677092e-01 5.048492050170898438e+01
7.209955139988575290e-01 4.999201202392578125e+01
7.241371066524473488e-01 4.944924545288085938e+01
7.272786993060371685e-01 4.888282012939453125e+01
7.304202919596269883e-01 4.840068817138671875e+01
7.335618846132166970e-01 4.785470581054687500e+01
7.367034772668065168e-01 4.748340225219726562e+01
7.398450699203963365e-01 4.693873596191406250e+01
7.429866625739861563e-01 4.632509231567382812e+01
7.461282552275758650e-01 4.578083038330078125e+01
7.492698478811656848e-01 4.540526962280273438e+01
7.524114405347555046e-01 4.501238250732421875e+01
7.555530331883453243e-01 4.448278808593750000e+01
7.586946258419351441e-01 4.403764724731445312e+01
7.618362184955248528e-01 4.366156387329101562e+01
7.649778111491146726e-01 4.312132263183593750e+01
7.681194038027044924e-01 4.272392654418945312e+01
7.712609964562942011e-01 4.240272903442382812e+01
7.744025891098840209e-01 4.184081268310546875e+01
7.775441817634738406e-01 4.168678283691406250e+01
7.806857744170636604e-01 4.112350082397460938e+01
7.838273670706534801e-01 4.070563507080078125e+01
7.869689597242431889e-01 4.038131332397460938e+01
7.901105523778330086e-01 4.006290817260742188e+01
7.932521450314228284e-01 3.950677490234375000e+01
7.963937376850125371e-01 3.922391128540039062e+01
7.995353303386023569e-01 3.892715454101562500e+01
8.026769229921921767e-01 3.842823028564453125e+01
8.058185156457819964e-01 3.814599609375000000e+01
8.089601082993718162e-01 3.785583496093750000e+01
8.121017009529616359e-01 3.744224548339843750e+01
8.152432936065513447e-01 3.698234558105468750e+01
8.183848862601411644e-01 3.697898101806640625e+01
8.215264789137309842e-01 3.656882858276367188e+01
8.246680715673206929e-01 3.615359497070312500e+01
8.278096642209105127e-01 3.591172409057617188e+01
8.309512568745003325e-01 3.550798797607421875e+01
8.340928495280901522e-01 3.522673034667968750e+01
8.372344421816799720e-01 3.498613739013671875e+01
8.403760348352696807e-01 3.472101211547851562e+01
8.435176274888595005e-01 3.435385131835937500e+01
8.466592201424493203e-01 3.414925384521484375e+01
8.498008127960390290e-01 3.391541290283203125e+01
8.529424054496288488e-01 3.359479522705078125e+01
8.560839981032186685e-01 3.332085037231445312e+01
8.592255907568084883e-01 3.303720474243164062e+01
8.623671834103983080e-01 3.285875701904296875e+01
8.655087760639880168e-01 3.255246353149414062e+01
8.686503687175778365e-01 3.234828948974609375e+01
8.717919613711676563e-01 3.205429840087890625e+01
8.749335540247574761e-01 3.188541412353515625e+01
8.780751466783471848e-01 3.163377189636230469e+01
8.812167393319370046e-01 3.148502922058105469e+01
8.843583319855268243e-01 3.117934036254882812e+01
8.874999246391166441e-01 3.106447982788085938e+01
8.906415172927064638e-01 3.082713508605957031e+01
8.937831099462961726e-01 3.055180549621582031e+01
8.969247025998859923e-01 3.050984191894531250e+01
9.000662952534758121e-01 3.021268844604492188e+01
9.032078879070655208e-01 3.000087356567382812e+01
