1.570796326794896653e-03 8.920347656250000000e+03
4.712388980384689743e-03 1.049648339843750000e+04
7.853981633974483484e-03 1.167248730468750000e+04
1.099557428756427549e-02 1.149781445312500000e+04
1.413716694115407096e-02 1.511942187500000000e+04
1.727875959474386297e-02 1.327244726562500000e+04
2.042035224833365498e-02 1.384415332031250000e+04
2.356194490192345045e-02 1.269112597656250000e+04
2.670353755551324246e-02 1.130271875000000000e+04
2.984513020910303793e-02 1.093004199218750000e+04
3.298672286269282994e-02 9.958925781250000000e+03
3.612831551628262194e-02 9.756878906250000000e+03
3.926990816987241395e-02 8.312266601562500000e+03
4.241150082346220596e-02 8.038671875000000000e+03
4.555309347705200490e-02 7.364763183593750000e+03
4.869468613064179691e-02 6.586891113281250000e+03
5.183627878423158891e-02 6.304796875000000000e+03
5.497787143782138092e-02 6.318971679687500000e+03
5.811946409141117986e-02 6.029562500000000000e+03
6.126105674500097187e-02 5.663764648437500000e+03
6.440264939859076387e-02 5.430732421875000000e+03
6.754424205218055588e-02 5.443274414062500000e+03
7.068583470577034789e-02 5.074194824218750000e+03
7.382742735936013989e-02 4.808950195312500000e+03
7.696902001294993190e-02 4.600278808593750000e+03
8.011061266653972390e-02 4.337208984375000000e+03
8.325220532012952979e-02 4.003245117187500000e+03
8.639379797371932179e-02 3.765411132812500000e+03
8.953539062730911380e-02 3.513481201171875000e+03
9.267698328089890580e-02 3.309281494140625000e+03
9.581857593448869781e-02 3.056816162109375000e+03
9.896016858807848982e-02 2.883476806640625000e+03
1.021017612416682818e-01 2.790176269531250000e+03
1.052433538952580738e-01 2.658157226562500000e+03
1.083849465488478658e-01 2.508375488281250000e+03
1.115265392024376578e-01 2.411181152343750000e+03
1.146681318560274498e-01 2.372769287109375000e+03
1.178097245096172418e-01 2.326429199218750000e+03
1.209513171632070477e-01 2.190324218750000000e+03
1.240929098167968397e-01 2.164381835937500000e+03
1.272345024703866456e-01 2.073378173828125000e+03
1.303760951239764099e-01 2.009935302734375000e+03
1.335176877775662296e-01 1.937879272460937500e+03
1.366592804311559939e-01 1.890317749023437500e+03
1.398008730847458136e-01 1.800330688476562500e+03
1.429424657383355779e-01 1.718467529296875000e+03
1.460840583919253977e-01 1.645418701171875000e+03
1.492256510455151619e-01 1.583564331054687500e+03
1.523672436991049817e-01 1.507348144531250000e+03
1.555088363526947459e-01 1.436047607421875000e+03
1.586504290062845657e-01 1.361733398437500000e+03
1.617920216598743299e-01 1.321827148437500000e+03
1.649336143134641497e-01 1.264361328125000000e+03
1.680752069670539417e-01 1.220953857421875000e+03
1.712167996206437337e-01 1.176173950195312500e+03
1.743583922742335535e-01 1.153123413085937500e+03
1.774999849278233177e-01 1.101394653320312500e+03
1.806415775814131375e-01 1.089767944335937500e+03
1.837831702350029017e-01 1.051565795898437500e+03
1.869247628885927215e-01 1.041359863281250000e+03
1.900663555421824857e-01 1.004107727050781250e+03
1.932079481957723055e-01 9.763558349609375000e+02
1.963495408493620697e-01 9.608487548828125000e+02
1.994911335029518895e-01 9.250328979492187500e+02
2.026327261565416538e-01 8.922791748046875000e+02
2.057743188101314735e-01 8.667597656250000000e+02
2.089159114637212378e-01 8.328765258789062500e+02
2.120575041173110575e-01 8.140321044921875000e+02
2.151990967709008218e-01 7.935678710937500000e+02
2.183406894244906415e-01 7.657360839843750000e+02
2.214822820780804058e-01 7.424209594726562500e+02
2.246238747316702256e-01 7.061917724609375000e+02
2.277654673852599898e-01 6.901257934570312500e+02
2.309070600388498096e-01 6.757349243164062500e+02
2.340486526924396016e-01 6.591892700195312500e+02
2.371902453460293936e-01 6.474382934570312500e+02
2.403318379996192133e-01 6.235937500000000000e+02
2.434734306532089776e-01 6.139829101562500000e+02
2.466150233067987974e-01 5.997728881835937500e+02
2.497566159603885616e-01 5.805411987304687500e+02
2.528982086139783814e-01 5.657263793945312500e+02
2.560398012675681456e-01 5.527384643554687500e+02
2.591813939211579099e-01 5.400189208984375000e+02
2.623229865747477296e-01 5.305605468750000000e+02
2.654645792283375494e-01 5.148056030273437500e+02
2.686061718819273136e-01 5.077506103515625000e+02
2.717477645355171334e-01 4.882047119140625000e+02
2.748893571891068976e-01 4.797654418945312500e+02
2.780309498426967174e-01 4.663583679199218750e+02
2.811725424962865372e-01 4.563116760253906250e+02
2.843141351498763014e-01 4.438260498046875000e+02
2.874557278034660657e-01 4.313704528808593750e+02
2.905973204570558854e-01 4.227520141601562500e+02
2.937389131106457052e-01 4.143320312500000000e+02
2.968805057642354694e-01 4.018144836425781250e+02
3.000220984178252337e-01 3.972321777343750000e+02
3.031636910714150535e-01 3.861738891601562500e+02
3.063052837250048732e-01 3.783660583496093750e+02
3.094468763785946375e-01 3.713780212402343750e+02
3.125884690321844017e-01 3.627967529296875000e+02
3.157300616857742215e-01 3.544903259277343750e+02
3.188716543393640412e-01 3.473274841308593750e+02
3.220132469929538055e-01 3.392078552246093750e+02
3.251548396465435697e-01 3.328673400878906250e+02
3.282964323001333895e-01 3.260260925292968750e+02
3.314380249537232093e-01 3.174071655273437500e+02
3.345796176073129735e-01 3.140533752441406250e+02
3.377212102609027933e-01 3.079272766113281250e+02
3.408628029144925575e-01 3.007620239257812500e+02
3.440043955680823773e-01 2.934107360839843750e+02
3.471459882216721970e-01 2.893012695312500000e+02
3.502875808752619613e-01 2.833049011230468750e+02
3.534291735288517255e-01 2.756506347656250000e+02
3.565707661824415453e-01 2.709458312988281250e+02
3.597123588360313651e-01 2.656808776855468750e+02
3.628539514896211293e-01 2.600659790039062500e+02
3.659955441432108936e-01 2.560609436035156250e+02
3.691371367968007133e-01 2.502123413085937500e+02
3.722787294503905331e-01 2.453457489013671875e+02
3.754203221039802973e-01 2.415432281494140625e+02
3.785619147575700616e-01 2.369752044677734375e+02
3.817035074111598814e-01 2.324019470214843750e+02
3.848451000647497011e-01 2.279310302734375000e+02
3.879866927183394654e-01 2.244192352294921875e+02
3.911282853719292296e-01 2.195713500976562500e+02
3.942698780255190494e-01 2.156335601806640625e+02
3.974114706791088691e-01 2.114828491210937500e+02
4.005530633326986334e-01 2.081403198242187500e+02
4.036946559862884532e-01 2.039929656982421875e+02
4.068362486398782174e-01 2.007846374511718750e+02
4.099778412934680372e-01 1.975744323730468750e+02
4.131194339470578569e-01 1.934560699462890625e+02
4.162610266006476212e-01 1.902471313476562500e+02
4.194026192542373854e-01 1.868467254638671875e+02
4.225442119078272052e-01 1.829267120361328125e+02
4.256858045614170249e-01 1.802654266357421875e+02
4.288273972150067892e-01 1.768882141113281250e+02
4.319689898685965534e-01 1.744611968994140625e+02
4.351105825221863732e-01 1.710840606689453125e+02
4.382521751757761930e-01 1.688931884765625000e+02
4.413937678293659572e-01 1.658226165771484375e+02
4.445353604829557215e-01 1.623746795654296875e+02
4.476769531365455412e-01 1.610075836181640625e+02
4.508185457901353610e-01 1.575990295410156250e+02
4.539601384437251252e-01 1.553925476074218750e+02
4.571017310973148895e-01 1.531329193115234375e+02
4.602433237509047093e-01 1.501302032470703125e+02
4.633849164044945290e-01 1.476768798828125000e+02
4.665265090580842933e-01 1.453393554687500000e+02
4.696681017116741130e-01 1.430251770019531250e+02
4.728096943652638773e-01 1.411769714355468750e+02
4.759512870188536970e-01 1.383198547363281250e+02
4.790928796724435168e-01 1.371773834228515625e+02
4.822344723260332811e-01 1.336049499511718750e+02
4.853760649796230453e-01 1.329040222167968750e+02
4.885176576332128651e-01 1.309472351074218750e+02
4.916592502868026848e-01 1.287935638427734375e+02
4.948008429403924491e-01 1.266007843017578125e+02
4.979424355939822133e-01 1.242545394897460938e+02
5.010840282475720331e-01 1.223063430786132812e+02
5.042256209011618528e-01 1.209358520507812500e+02
5.073672135547515616e-01 1.186333694458007812e+02
5.105088062083413813e-01 1.172459640502929688e+02
5.136503988619312011e-01 1.150437240600585938e+02
5.167919915155210209e-01 1.134120101928710938e+02
5.199335841691108406e-01 1.121015090942382812e+02
5.230751768227005494e-01 1.100708923339843750e+02
5.262167694762903691e-01 1.085440902709960938e+02
5.293583621298801889e-01 1.072840423583984375e+02
5.324999547834698976e-01 1.057596511840820312e+02
5.356415474370597174e-01 1.041299514770507812e+02
5.387831400906495372e-01 1.024636611938476562e+02
5.419247327442393569e-01 1.014374923706054688e+02
5.450663253978291767e-01 9.984020996093750000e+01
5.482079180514189964e-01 9.833514404296875000e+01
5.513495107050087052e-01 9.736730194091796875e+01
5.544911033585985249e-01 9.595433044433593750e+01
5.576326960121883447e-01 9.429038238525390625e+01
5.607742886657780534e-01 9.297006988525390625e+01
5.639158813193678732e-01 9.165763854980468750e+01
5.670574739729576930e-01 9.045748901367187500e+01
5.701990666265475127e-01 8.951958465576171875e+01
5.733406592801373325e-01 8.826127624511718750e+01
5.764822519337270412e-01 8.695460510253906250e+01
5.796238445873168610e-01 8.611553192138671875e+01
5.827654372409066807e-01 8.479459381103515625e+01
5.859070298944963895e-01 8.389762115478515625e+01
5.890486225480862092e-01 8.239083099365234375e+01
5.921902152016760290e-01 8.143837738037109375e+01
5.953318078552658488e-01 8.031707763671875000e+01
5.984734005088556685e-01 7.914808654785156250e+01
6.016149931624453773e-01 7.835394287109375000e+01
6.047565858160351970e-01 7.736435699462890625e+01
6.078981784696250168e-01 7.623139953613281250e+01
6.110397711232148366e-01 7.550681304931640625e+01
6.141813637768045453e-01 7.427997589111328125e+01
6.173229564303943651e-01 7.347531890869140625e+01
6.204645490839841848e-01 7.257166290283203125e+01
6.236061417375740046e-01 7.177485656738281250e+01
6.267477343911638243e-01 7.058142852783203125e+01
6.298893270447535331e-01 6.997090148925781250e+01
6.330309196983433528e-01 6.895172119140625000e+01
6.361725123519331726e-01 6.837712097167968750e+01
6.393141050055228813e-01 6.729219818115234375e+01
6.424556976591127011e-01 6.636716461181640625e+01
6.455972903127025209e-01 6.557779693603515625e+01
6.487388829662923406e-01 6.507324981689453125e+01
6.518804756198821604e-01 6.380188369750976562e+01
6.550220682734718691e-01 6.325492477416992188e+01
6.581636609270616889e-01 6.257405853271484375e+01
6.613052535806515086e-01 6.178913116455078125e+01
6.644468462342412174e-01 6.106117248535156250e+01
6.675884388878310371e-01 6.040826034545898438e+01
6.707300315414208569e-01 5.978768157958984375e+01
6.738716241950106767e-01 5.887506866455078125e+01
6.770132168486004964e-01 5.829304504394531250e+01
6.801548095021903162e-01 5.746839904785156250e+01
6.832964021557800249e-01 5.706861877441406250e+01
6.864379948093698447e-01 5.638398361206054688e+01
6.895795874629596645e-01 5.567940902709960938e+01
6.927211801165493732e-01 5.500800323486328125e+01
6.958627727701391930e-01 5.440263748168945312e+01
6.990043654237290127e-01 5.379947662353515625e+01
7.021459580773188325e-01 5.331696319580078125e+01
7.052875507309086522e-01 5.265912628173828125e+01
7.084291433844983610e-01 5.201922988891601562e+01
7.115707360380881807e-01 5.153551864624023438e+01
7.147123286916780005e-01 5.086383056640625000e+01
7.178539213452677092e-01 5.033437728881835938e+01
7.209955139988575290e-01 4.990967941284179688e+01
7.241371066524473488e-01 4.939165115356445312e+01
7.272786993060371685e-01 4.890410995483398438e+01
7.304202919596269883e-01 4.842444229125976562e+01
7.335618846132166970e-01 4.776290130615234375e+01
7.367034772668065168e-01 4.738975143432617188e+01
7.398450699203963365e-01 4.682086181640625000e+01
7.429866625739861563e-01 4.637250137329101562e+01
7.461282552275758650e-01 4.578333663940429688e+01
7.492698478811656848e-01 4.527227783203125000e+01
7.524114405347555046e-01 4.489455032348632812e+01
7.555530331883453243e-01 4.453467941284179688e+01
7.586946258419351441e-01 4.396857452392578125e+01
7.618362184955248528e-01 4.351661682128906250e+01
7.649778111491146726e-01 4.307176208496093750e+01
7.681194038027044924e-01 4.266868209838867188e+01
7.712609964562942011e-01 4.229294204711914062e+01
7.744025891098840209e-01 4.190831375122070312e+01
7.775441817634738406e-01 4.143919754028320312e+01
7.806857744170636604e-01 4.108891677856445312e+01
7.838273670706534801e-01 4.063428115844726562e+01
7.869689597242431889e-01 4.029004287719726562e+01
7.901105523778330086e-01 3.987738800048828125e+01
7.932521450314228284e-01 3.959851837158203125e+01
7.963937376850125371e-01 3.909866714477539062e+01
7.995353303386023569e-01 3.877589035034179688e+01
8.026769229921921767e-01 3.838742446899414062e+01
8.058185156457819964e-01 3.798612594604492188e+01
8.089601082993718162e-01 3.772108078002929688e+01
8.121017009529616359e-01 3.735715866088867188e+01
8.152432936065513447e-01 3.717049407958984375e+01
8.183848862601411644e-01 3.678988647460937500e+01
8.215264789137309842e-01 3.638640975952148438e+01
8.246680715673206929e-01 3.625009536743164062e+01
8.278096642209105127e-01 3.582786178588867188e+01
8.309512568745003325e-01 3.543481063842773438e+01
8.340928495280901522e-01 3.519583892822265625e+01
8.372344421816799720e-01 3.487054824829101562e+01
8.403760348352696807e-01 3.465711212158203125e+01
8.435176274888595005e-01 3.442080688476562500e+01
8.466592201424493203e-01 3.411092376708984375e+01
8.498008127960390290e-01 3.379891967773437500e+01
8.529424054496288488e-01 3.356319808959960938e+01
8.560839981032186685e-01 3.330023193359375000e+01
8.592255907568084883e-01 3.291057968139648438e+01
8.623671834103983080e-01 3.278015136718750000e+01
8.655087760639880168e-01 3.253289413452148438e+01
8.686503687175778365e-01 3.226322174072265625e+01
8.717919613711676563e-01 3.206823348999023438e+01
8.749335540247574761e-01 3.173130035400390625e+01
8.780751466783471848e-01 3.160157585144042969e+01
8.812167393319370046e-01 3.145995903015136719e+01
8.843583319855268243e-01 3.117612075805664062e+01
8.874999246391166441e-01 3.097473144531250000e+01
8.906415172927064638e-01 3.074919509887695312e+01
8.937831099462961726e-01 3.055646705627441406e+01
8.969247025998859923e-01 3.041276741027832031e+01
9.000662952534758121e-01 3.013047218322753906e+01
9.032078879070655208e-01 2.989016723632812500e+01
