1.570796326794896653e-03 6.670954101562500000e+03
4.712388980384689743e-03 6.421570312500000000e+03
7.853981633974483484e-03 1.435209375000000000e+04
1.099557428756427549e-02 1.339402343750000000e+04
1.413716694115407096e-02 1.393864453125000000e+04
1.727875959474386297e-02 1.318764355468750000e+04
2.042035224833365498e-02 1.292945019531250000e+04
2.356194490192345045e-02 1.264074316406250000e+04
2.670353755551324246e-02 1.307799414062500000e+04
2.984513020910303793e-02 1.133994726562500000e+04
3.298672286269282994e-02 1.113089160156250000e+04
3.612831551628262194e-02 1.004818066406250000e+04
3.926990816987241395e-02 9.027111328125000000e+03
4.241150082346220596e-02 8.317906250000000000e+03
4.555309347705200490e-02 7.764765625000000000e+03
4.869468613064179691e-02 6.988969238281250000e+03
5.183627878423158891e-02 7.060180175781250000e+03
5.497787143782138092e-02 6.577423339843750000e+03
5.811946409141117986e-02 6.437907714843750000e+03
6.126105674500097187e-02 6.288154785156250000e+03
6.440264939859076387e-02 5.850995117187500000e+03
6.754424205218055588e-02 5.914296875000000000e+03
7.068583470577034789e-02 5.442703125000000000e+03
7.382742735936013989e-02 5.306162109375000000e+03
7.696902001294993190e-02 4.974309082031250000e+03
8.011061266653972390e-02 4.646242675781250000e+03
8.325220532012952979e-02 4.572706542968750000e+03
8.639379797371932179e-02 4.107604492187500000e+03
8.953539062730911380e-02 3.871054199218750000e+03
9.267698328089890580e-02 3.699135742187500000e+03
9.581857593448869781e-02 3.445767089843750000e+03
9.896016858807848982e-02 3.345970703125000000e+03
1.021017612416682818e-01 3.139975097656250000e+03
1.052433538952580738e-01 3.010314697265625000e+03
1.083849465488478658e-01 2.877370605468750000e+03
1.115265392024376578e-01 2.784025634765625000e+03
1.146681318560274498e-01 2.716257568359375000e+03
1.178097245096172418e-01 2.643331054687500000e+03
1.209513171632070477e-01 2.577258056640625000e+03
1.240929098167968397e-01 2.570484863281250000e+03
1.272345024703866456e-01 2.488208251953125000e+03
1.303760951239764099e-01 2.460534667968750000e+03
1.335176877775662296e-01 2.339162597656250000e+03
1.366592804311559939e-01 2.233961914062500000e+03
1.398008730847458136e-01 2.195744873046875000e+03
1.429424657383355779e-01 2.101938720703125000e+03
1.460840583919253977e-01 2.044592041015625000e+03
1.492256510455151619e-01 1.959333984375000000e+03
1.523672436991049817e-01 1.872325073242187500e+03
1.555088363526947459e-01 1.795067382812500000e+03
1.586504290062845657e-01 1.739133056640625000e+03
1.617920216598743299e-01 1.703094482421875000e+03
1.649336143134641497e-01 1.640127685546875000e+03
1.680752069670539417e-01 1.609486816406250000e+03
1.712167996206437337e-01 1.545659545898437500e+03
1.743583922742335535e-01 1.506057739257812500e+03
1.774999849278233177e-01 1.490920043945312500e+03
1.806415775814131375e-01 1.444289428710937500e+03
1.837831702350029017e-01 1.426293090820312500e+03
1.869247628885927215e-01 1.401767456054687500e+03
1.900663555421824857e-01 1.399260498046875000e+03
1.932079481957723055e-01 1.337206787109375000e+03
1.963495408493620697e-01 1.296404418945312500e+03
1.994911335029518895e-01 1.297740112304687500e+03
2.026327261565416538e-01 1.267039672851562500e+03
2.057743188101314735e-01 1.232295166015625000e+03
2.089159114637212378e-01 1.203448242187500000e+03
2.120575041173110575e-01 1.172818237304687500e+03
2.151990967709008218e-01 1.135122436523437500e+03
2.183406894244906415e-01 1.105422973632812500e+03
2.214822820780804058e-01 1.085092041015625000e+03
2.246238747316702256e-01 1.067071166992187500e+03
2.277654673852599898e-01 1.045477172851562500e+03
2.309070600388498096e-01 1.014839172363281250e+03
2.340486526924396016e-01 1.004946289062500000e+03
2.371902453460293936e-01 9.725140380859375000e+02
2.403318379996192133e-01 9.715023193359375000e+02
2.434734306532089776e-01 9.357236938476562500e+02
2.466150233067987974e-01 9.380856323242187500e+02
2.497566159603885616e-01 9.232686157226562500e+02
2.528982086139783814e-01 9.049332275390625000e+02
2.560398012675681456e-01 8.928153686523437500e+02
2.591813939211579099e-01 8.716592407226562500e+02
2.623229865747477296e-01 8.506245117187500000e+02
2.654645792283375494e-01 8.445720825195312500e+02
2.686061718819273136e-01 8.336130981445312500e+02
2.717477645355171334e-01 8.106926269531250000e+02
2.748893571891068976e-01 8.062919311523437500e+02
2.780309498426967174e-01 7.860855102539062500e+02
2.811725424962865372e-01 7.730090942382812500e+02
2.843141351498763014e-01 7.621376953125000000e+02
2.874557278034660657e-01 7.539852905273437500e+02
2.905973204570558854e-01 7.384647216796875000e+02
2.937389131106457052e-01 7.281477661132812500e+02
2.968805057642354694e-01 7.162182617187500000e+02
3.000220984178252337e-01 7.044540405273437500e+02
3.031636910714150535e-01 6.982307739257812500e+02
3.063052837250048732e-01 6.826896972656250000e+02
3.094468763785946375e-01 6.796054077148437500e+02
3.125884690321844017e-01 6.711866455078125000e+02
3.157300616857742215e-01 6.586749877929687500e+02
3.188716543393640412e-01 6.555811767578125000e+02
3.220132469929538055e-01 6.452770385742187500e+02
3.251548396465435697e-01 6.356937255859375000e+02
3.282964323001333895e-01 6.229259643554687500e+02
3.314380249537232093e-01 6.217912597656250000e+02
3.345796176073129735e-01 6.110266113281250000e+02
3.377212102609027933e-01 6.041034545898437500e+02
3.408628029144925575e-01 5.922993164062500000e+02
3.440043955680823773e-01 5.924331054687500000e+02
3.471459882216721970e-01 5.795665283203125000e+02
3.502875808752619613e-01 5.735097045898437500e+02
3.534291735288517255e-01 5.675863647460937500e+02
3.565707661824415453e-01 5.625758666992187500e+02
3.597123588360313651e-01 5.551129150390625000e+02
3.628539514896211293e-01 5.475330810546875000e+02
3.659955441432108936e-01 5.398479614257812500e+02
3.691371367968007133e-01 5.353768920898437500e+02
3.722787294503905331e-01 5.296766967773437500e+02
3.754203221039802973e-01 5.246945190429687500e+02
3.785619147575700616e-01 5.200742187500000000e+02
3.817035074111598814e-01 5.128895263671875000e+02
3.848451000647497011e-01 5.114710083007812500e+02
3.879866927183394654e-01 5.052773437500000000e+02
3.911282853719292296e-01 5.000550231933593750e+02
3.942698780255190494e-01 4.909188537597656250e+02
3.974114706791088691e-01 4.891432495117187500e+02
4.005530633326986334e-01 4.814945678710937500e+02
4.036946559862884532e-01 4.769072570800781250e+02
4.068362486398782174e-01 4.762360839843750000e+02
4.099778412934680372e-01 4.698041076660156250e+02
4.131194339470578569e-01 4.636486206054687500e+02
4.162610266006476212e-01 4.607124938964843750e+02
4.194026192542373854e-01 4.551366271972656250e+02
4.225442119078272052e-01 4.511653137207031250e+02
4.256858045614170249e-01 4.485521240234375000e+02
4.288273972150067892e-01 4.423616638183593750e+02
4.319689898685965534e-01 4.398984985351562500e+02
4.351105825221863732e-01 4.336196899414062500e+02
4.382521751757761930e-01 4.326948242187500000e+02
4.413937678293659572e-01 4.292305908203125000e+02
4.445353604829557215e-01 4.232177734375000000e+02
4.476769531365455412e-01 4.189443359375000000e+02
4.508185457901353610e-01 4.157764587402343750e+02
4.539601384437251252e-01 4.123928222656250000e+02
4.571017310973148895e-01 4.085963134765625000e+02
4.602433237509047093e-01 4.060433959960937500e+02
4.633849164044945290e-01 4.018876953125000000e+02
4.665265090580842933e-01 3.976256408691406250e+02
4.696681017116741130e-01 3.953280944824218750e+02
4.728096943652638773e-01 3.915485839843750000e+02
4.759512870188536970e-01 3.893374938964843750e+02
4.790928796724435168e-01 3.865163879394531250e+02
4.822344723260332811e-01 3.833556213378906250e+02
4.853760649796230453e-01 3.793723449707031250e+02
4.885176576332128651e-01 3.778114013671875000e+02
4.916592502868026848e-01 3.739995422363281250e+02
4.948008429403924491e-01 3.729083862304687500e+02
4.979424355939822133e-01 3.695748901367187500e+02
5.010840282475720331e-01 3.674973144531250000e+02
5.042256209011618528e-01 3.635275573730468750e+02
5.073672135547515616e-01 3.591455993652343750e+02
5.105088062083413813e-01 3.588117675781250000e+02
5.136503988619312011e-01 3.556744384765625000e+02
5.167919915155210209e-01 3.532701110839843750e+02
5.199335841691108406e-01 3.502959899902343750e+02
5.230751768227005494e-01 3.475691528320312500e+02
5.262167694762903691e-01 3.470208129882812500e+02
5.293583621298801889e-01 3.433066101074218750e+02
5.324999547834698976e-01 3.414385681152343750e+02
5.356415474370597174e-01 3.366237792968750000e+02
5.387831400906495372e-01 3.354367980957031250e+02
5.419247327442393569e-01 3.343350219726562500e+02
5.450663253978291767e-01 3.312369079589843750e+02
5.482079180514189964e-01 3.288473510742187500e+02
5.513495107050087052e-01 3.265821838378906250e+02
5.544911033585985249e-01 3.249485778808593750e+02
5.576326960121883447e-01 3.234427185058593750e+02
5.607742886657780534e-01 3.216381835937500000e+02
5.639158813193678732e-01 3.191403808593750000e+02
5.670574739729576930e-01 3.167455444335937500e+02
5.701990666265475127e-01 3.154323730468750000e+02
5.733406592801373325e-01 3.143484497070312500e+02
5.764822519337270412e-01 3.113465270996093750e+02
5.796238445873168610e-01 3.096593627929687500e+02
5.827654372409066807e-01 3.074115600585937500e+02
5.859070298944963895e-01 3.060480651855468750e+02
5.890486225480862092e-01 3.039601745605468750e+02
5.921902152016760290e-01 3.024244689941406250e+02
5.953318078552658488e-01 3.015136413574218750e+02
5.984734005088556685e-01 2.985328979492187500e+02
6.016149931624453773e-01 2.973452148437500000e+02
6.047565858160351970e-01 2.958611450195312500e+02
6.078981784696250168e-01 2.934860534667968750e+02
6.110397711232148366e-01 2.924983215332031250e+02
6.141813637768045453e-01 2.907648925781250000e+02
6.173229564303943651e-01 2.882838134765625000e+02
6.204645490839841848e-01 2.871908874511718750e+02
6.236061417375740046e-01 2.852325439453125000e+02
6.267477343911638243e-01 2.841538696289062500e+02
6.298893270447535331e-01 2.827615356445312500e+02
6.330309196983433528e-01 2.810623474121093750e+02
6.361725123519331726e-01 2.795544128417968750e+02
6.393141050055228813e-01 2.774447326660156250e+02
6.424556976591127011e-01 2.760338439941406250e+02
6.455972903127025209e-01 2.741607971191406250e+02
6.487388829662923406e-01 2.738904418945312500e+02
6.518804756198821604e-01 2.717681884765625000e+02
6.550220682734718691e-01 2.717059326171875000e+02
6.581636609270616889e-01 2.690684814453125000e+02
6.613052535806515086e-01 2.676243591308593750e+02
6.644468462342412174e-01 2.666840820312500000e+02
6.675884388878310371e-01 2.649981689453125000e+02
6.707300315414208569e-01 2.635061035156250000e+02
6.738716241950106767e-01 2.622114868164062500e+02
6.770132168486004964e-01 2.611655273437500000e+02
6.801548095021903162e-01 2.602222595214843750e+02
6.832964021557800249e-01 2.591578063964843750e+02
6.864379948093698447e-01 2.573011474609375000e+02
6.895795874629596645e-01 2.562156066894531250e+02
6.927211801165493732e-01 2.555131072998046875e+02
6.958627727701391930e-01 2.540128631591796875e+02
6.990043654237290127e-01 2.524832611083984375e+02
7.021459580773188325e-01 2.516501617431640625e+02
7.052875507309086522e-01 2.498661346435546875e+02
7.084291433844983610e-01 2.495688934326171875e+02
7.115707360380881807e-01 2.483912963867187500e+02
7.147123286916780005e-01 2.464860839843750000e+02
7.178539213452677092e-01 2.454310150146484375e+02
7.209955139988575290e-01 2.443406372070312500e+02
7.241371066524473488e-01 2.428382110595703125e+02
7.272786993060371685e-01 2.429301300048828125e+02
7.304202919596269883e-01 2.412592773437500000e+02
7.335618846132166970e-01 2.402380828857421875e+02
7.367034772668065168e-01 2.393174438476562500e+02
7.398450699203963365e-01 2.380906677246093750e+02
7.429866625739861563e-01 2.371414642333984375e+02
7.461282552275758650e-01 2.360340728759765625e+02
7.492698478811656848e-01 2.358123321533203125e+02
7.524114405347555046e-01 2.338087463378906250e+02
7.555530331883453243e-01 2.332327270507812500e+02
7.586946258419351441e-01 2.325138397216796875e+02
7.618362184955248528e-01 2.309522247314453125e+02
7.649778111491146726e-01 2.300980072021484375e+02
7.681194038027044924e-01 2.290314331054687500e+02
7.712609964562942011e-01 2.277882843017578125e+02
7.744025891098840209e-01 2.270496673583984375e+02
7.775441817634738406e-01 2.263308868408203125e+02
7.806857744170636604e-01 2.254581756591796875e+02
7.838273670706534801e-01 2.248059692382812500e+02
7.869689597242431889e-01 2.236714477539062500e+02
7.901105523778330086e-01 2.224404449462890625e+02
7.932521450314228284e-01 2.218096313476562500e+02
7.963937376850125371e-01 2.209664916992187500e+02
7.995353303386023569e-01 2.193144531250000000e+02
8.026769229921921767e-01 2.191014709472656250e+02
8.058185156457819964e-01 2.184503326416015625e+02
8.089601082993718162e-01 2.165139770507812500e+02
8.121017009529616359e-01 2.162879486083984375e+02
8.152432936065513447e-01 2.151033630371093750e+02
8.183848862601411644e-01 2.148377990722656250e+02
8.215264789137309842e-01 2.141807556152343750e+02
8.246680715673206929e-01 2.132353973388671875e+02
8.278096642209105127e-01 2.126344757080078125e+02
8.309512568745003325e-01 2.114323577880859375e+02
8.340928495280901522e-01 2.104895477294921875e+02
8.372344421816799720e-01 2.098407287597656250e+02
8.403760348352696807e-01 2.088311004638671875e+02
8.435176274888595005e-01 2.087060852050781250e+02
8.466592201424493203e-01 2.074800720214843750e+02
8.498008127960390290e-01 2.061171722412109375e+02
8.529424054496288488e-01 2.055832214355468750e+02
8.560839981032186685e-01 2.051714172363281250e+02
8.592255907568084883e-01 2.046528320312500000e+02
8.623671834103983080e-01 2.037375030517578125e+02
8.655087760639880168e-01 2.025003814697265625e+02
8.686503687175778365e-01 2.020757751464843750e+02
8.717919613711676563e-01 2.015145568847656250e+02
8.749335540247574761e-01 2.011409606933593750e+02
8.780751466783471848e-01 1.999909210205078125e+02
8.812167393319370046e-01 1.992629699707031250e+02
8.843583319855268243e-01 1.982704925537109375e+02
8.874999246391166441e-01 1.977604522705078125e+02
8.906415172927064638e-01 1.971041870117187500e+02
8.937831099462961726e-01 1.966273345947265625e+02
8.969247025998859923e-01 1.955491027832031250e+02
9.000662952534758121e-01 1.951958618164062500e+02
9.032078879070655208e-01 1.945423889160156250e+02
