1.570796326794896653e-03 3.308500488281250000e+03
4.712388980384689743e-03 5.726465820312500000e+03
7.853981633974483484e-03 1.265923535156250000e+04
1.099557428756427549e-02 1.153786523437500000e+04
1.413716694115407096e-02 1.637148144531250000e+04
1.727875959474386297e-02 1.383898437500000000e+04
2.042035224833365498e-02 1.368445800781250000e+04
2.356194490192345045e-02 1.302849511718750000e+04
2.670353755551324246e-02 1.228417968750000000e+04
2.984513020910303793e-02 1.194769140625000000e+04
3.298672286269282994e-02 1.050173632812500000e+04
3.612831551628262194e-02 9.107693359375000000e+03
3.926990816987241395e-02 8.971457031250000000e+03
4.241150082346220596e-02 8.153292480468750000e+03
4.555309347705200490e-02 7.864321777343750000e+03
4.869468613064179691e-02 7.364728027343750000e+03
5.183627878423158891e-02 6.952600585937500000e+03
5.497787143782138092e-02 6.868928710937500000e+03
5.811946409141117986e-02 6.507167480468750000e+03
6.126105674500097187e-02 6.138222167968750000e+03
6.440264939859076387e-02 6.011477050781250000e+03
6.754424205218055588e-02 5.756308593750000000e+03
7.068583470577034789e-02 5.440349609375000000e+03
7.382742735936013989e-02 5.216671386718750000e+03
7.696902001294993190e-02 5.008479980468750000e+03
8.011061266653972390e-02 4.697671386718750000e+03
8.325220532012952979e-02 4.506581054687500000e+03
8.639379797371932179e-02 4.300566894531250000e+03
8.953539062730911380e-02 3.967735595703125000e+03
9.267698328089890580e-02 3.649658691406250000e+03
9.581857593448869781e-02 3.488762695312500000e+03
9.896016858807848982e-02 3.320164306640625000e+03
1.021017612416682818e-01 3.135012207031250000e+03
1.052433538952580738e-01 3.007634765625000000e+03
1.083849465488478658e-01 2.847147949218750000e+03
1.115265392024376578e-01 2.817589599609375000e+03
1.146681318560274498e-01 2.754439941406250000e+03
1.178097245096172418e-01 2.722283203125000000e+03
1.209513171632070477e-01 2.612484619140625000e+03
1.240929098167968397e-01 2.575765136718750000e+03
1.272345024703866456e-01 2.490283691406250000e+03
1.303760951239764099e-01 2.402170166015625000e+03
1.335176877775662296e-01 2.291739501953125000e+03
1.366592804311559939e-01 2.279280761718750000e+03
1.398008730847458136e-01 2.201047851562500000e+03
1.429424657383355779e-01 2.128785400390625000e+03
1.460840583919253977e-01 2.005747558593750000e+03
1.492256510455151619e-01 1.980037231445312500e+03
1.523672436991049817e-01 1.887899047851562500e+03
1.555088363526947459e-01 1.804014648437500000e+03
1.586504290062845657e-01 1.752156616210937500e+03
1.617920216598743299e-01 1.690007446289062500e+03
1.649336143134641497e-01 1.655151489257812500e+03
1.680752069670539417e-01 1.615489746093750000e+03
1.712167996206437337e-01 1.556064697265625000e+03
1.743583922742335535e-01 1.516178588867187500e+03
1.774999849278233177e-01 1.469874877929687500e+03
1.806415775814131375e-01 1.448457519531250000e+03
1.837831702350029017e-01 1.430678833007812500e+03
1.869247628885927215e-01 1.396427368164062500e+03
1.900663555421824857e-01 1.380728393554687500e+03
1.932079481957723055e-01 1.354904541015625000e+03
1.963495408493620697e-01 1.320039794921875000e+03
1.994911335029518895e-01 1.272731079101562500e+03
2.026327261565416538e-01 1.259322509765625000e+03
2.057743188101314735e-01 1.219771606445312500e+03
2.089159114637212378e-01 1.194904418945312500e+03
2.120575041173110575e-01 1.166551025390625000e+03
2.151990967709008218e-01 1.138342529296875000e+03
2.183406894244906415e-01 1.110767944335937500e+03
2.214822820780804058e-01 1.078362915039062500e+03
2.246238747316702256e-01 1.061361816406250000e+03
2.277654673852599898e-01 1.035978637695312500e+03
2.309070600388498096e-01 1.011955749511718750e+03
2.340486526924396016e-01 9.929758300781250000e+02
2.371902453460293936e-01 9.806845092773437500e+02
2.403318379996192133e-01 9.666572265625000000e+02
2.434734306532089776e-01 9.434578857421875000e+02
2.466150233067987974e-01 9.296284179687500000e+02
2.497566159603885616e-01 9.257940673828125000e+02
2.528982086139783814e-01 9.085872802734375000e+02
2.560398012675681456e-01 8.991447143554687500e+02
2.591813939211579099e-01 8.727012939453125000e+02
2.623229865747477296e-01 8.534624023437500000e+02
2.654645792283375494e-01 8.489642333984375000e+02
2.686061718819273136e-01 8.258672485351562500e+02
2.717477645355171334e-01 8.162707519531250000e+02
2.748893571891068976e-01 7.995344238281250000e+02
2.780309498426967174e-01 7.914190063476562500e+02
2.811725424962865372e-01 7.791428222656250000e+02
2.843141351498763014e-01 7.614396972656250000e+02
2.874557278034660657e-01 7.449157714843750000e+02
2.905973204570558854e-01 7.460836181640625000e+02
2.937389131106457052e-01 7.280345458984375000e+02
2.968805057642354694e-01 7.177600097656250000e+02
3.000220984178252337e-01 7.093403930664062500e+02
3.031636910714150535e-01 6.955058593750000000e+02
3.063052837250048732e-01 6.883079223632812500e+02
3.094468763785946375e-01 6.788544921875000000e+02
3.125884690321844017e-01 6.659757690429687500e+02
3.157300616857742215e-01 6.623181762695312500e+02
3.188716543393640412e-01 6.557894287109375000e+02
3.220132469929538055e-01 6.432683105468750000e+02
3.251548396465435697e-01 6.393569946289062500e+02
3.282964323001333895e-01 6.251599731445312500e+02
3.314380249537232093e-01 6.244160766601562500e+02
3.345796176073129735e-01 6.122872314453125000e+02
3.377212102609027933e-01 6.055663452148437500e+02
3.408628029144925575e-01 5.979291992187500000e+02
3.440043955680823773e-01 5.895686645507812500e+02
3.471459882216721970e-01 5.841865844726562500e+02
3.502875808752619613e-01 5.758206787109375000e+02
3.534291735288517255e-01 5.690905761718750000e+02
3.565707661824415453e-01 5.633040771484375000e+02
3.597123588360313651e-01 5.581895141601562500e+02
3.628539514896211293e-01 5.483405151367187500e+02
3.659955441432108936e-01 5.444848632812500000e+02
3.691371367968007133e-01 5.342685546875000000e+02
3.722787294503905331e-01 5.303918457031250000e+02
3.754203221039802973e-01 5.250399169921875000e+02
3.785619147575700616e-01 5.189132690429687500e+02
3.817035074111598814e-01 5.147005615234375000e+02
3.848451000647497011e-01 5.109165649414062500e+02
3.879866927183394654e-01 5.052509765625000000e+02
3.911282853719292296e-01 4.964115905761718750e+02
3.942698780255190494e-01 4.930762939453125000e+02
3.974114706791088691e-01 4.880318298339843750e+02
4.005530633326986334e-01 4.819292907714843750e+02
4.036946559862884532e-01 4.788492431640625000e+02
4.068362486398782174e-01 4.735578918457031250e+02
4.099778412934680372e-01 4.676423950195312500e+02
4.131194339470578569e-01 4.637307128906250000e+02
4.162610266006476212e-01 4.616936950683593750e+02
4.194026192542373854e-01 4.547385559082031250e+02
4.225442119078272052e-01 4.500859069824218750e+02
4.256858045614170249e-01 4.459414672851562500e+02
4.288273972150067892e-01 4.428094177246093750e+02
4.319689898685965534e-01 4.390517883300781250e+02
4.351105825221863732e-01 4.344588623046875000e+02
4.382521751757761930e-01 4.299937133789062500e+02
4.413937678293659572e-01 4.261514282226562500e+02
4.445353604829557215e-01 4.243876953125000000e+02
4.476769531365455412e-01 4.194577941894531250e+02
4.508185457901353610e-01 4.158546447753906250e+02
4.539601384437251252e-01 4.132481994628906250e+02
4.571017310973148895e-01 4.092880249023437500e+02
4.602433237509047093e-01 4.062221374511718750e+02
4.633849164044945290e-01 4.041936950683593750e+02
4.665265090580842933e-01 3.986970825195312500e+02
4.696681017116741130e-01 3.965598144531250000e+02
4.728096943652638773e-01 3.930104064941406250e+02
4.759512870188536970e-01 3.899698486328125000e+02
4.790928796724435168e-01 3.858024902343750000e+02
4.822344723260332811e-01 3.837041625976562500e+02
4.853760649796230453e-01 3.811882934570312500e+02
4.885176576332128651e-01 3.780609436035156250e+02
4.916592502868026848e-01 3.739372863769531250e+02
4.948008429403924491e-01 3.719154052734375000e+02
4.979424355939822133e-01 3.693736877441406250e+02
5.010840282475720331e-01 3.664163818359375000e+02
5.042256209011618528e-01 3.630620422363281250e+02
5.073672135547515616e-01 3.611463012695312500e+02
5.105088062083413813e-01 3.604545593261718750e+02
5.136503988619312011e-01 3.575427246093750000e+02
5.167919915155210209e-01 3.548603515625000000e+02
5.199335841691108406e-01 3.523093261718750000e+02
5.230751768227005494e-01 3.487508850097656250e+02
5.262167694762903691e-01 3.470157165527343750e+02
5.293583621298801889e-01 3.430380859375000000e+02
5.324999547834698976e-01 3.406583862304687500e+02
5.356415474370597174e-01 3.386075744628906250e+02
5.387831400906495372e-01 3.367453308105468750e+02
5.419247327442393569e-01 3.344724731445312500e+02
5.450663253978291767e-01 3.319981689453125000e+02
5.482079180514189964e-01 3.315162048339843750e+02
5.513495107050087052e-01 3.287163391113281250e+02
5.544911033585985249e-01 3.242848510742187500e+02
5.576326960121883447e-01 3.247088928222656250e+02
5.607742886657780534e-01 3.198274841308593750e+02
5.639158813193678732e-01 3.192368469238281250e+02
5.670574739729576930e-01 3.174430236816406250e+02
5.701990666265475127e-01 3.156265869140625000e+02
5.733406592801373325e-01 3.133668823242187500e+02
5.764822519337270412e-01 3.116771850585937500e+02
5.796238445873168610e-01 3.095919189453125000e+02
5.827654372409066807e-01 3.075938720703125000e+02
5.859070298944963895e-01 3.070099182128906250e+02
5.890486225480862092e-01 3.048796997070312500e+02
5.921902152016760290e-01 3.019218444824218750e+02
5.953318078552658488e-01 3.002275085449218750e+02
5.984734005088556685e-01 2.988500061035156250e+02
6.016149931624453773e-01 2.971348571777343750e+02
6.047565858160351970e-01 2.960993041992187500e+02
6.078981784696250168e-01 2.937036132812500000e+02
6.110397711232148366e-01 2.922445373535156250e+02
6.141813637768045453e-01 2.905943603515625000e+02
6.173229564303943651e-01 2.885222778320312500e+02
6.204645490839841848e-01 2.869454650878906250e+02
6.236061417375740046e-01 2.849636535644531250e+02
6.267477343911638243e-01 2.845241699218750000e+02
6.298893270447535331e-01 2.821167907714843750e+02
6.330309196983433528e-01 2.811464233398437500e+02
6.361725123519331726e-01 2.802550659179687500e+02
6.393141050055228813e-01 2.779037780761718750e+02
6.424556976591127011e-01 2.777984008789062500e+02
6.455972903127025209e-01 2.752355346679687500e+02
6.487388829662923406e-01 2.737658996582031250e+02
6.518804756198821604e-01 2.717854919433593750e+02
6.550220682734718691e-01 2.705816040039062500e+02
6.581636609270616889e-01 2.702182617187500000e+02
6.613052535806515086e-01 2.687695922851562500e+02
6.644468462342412174e-01 2.670711059570312500e+02
6.675884388878310371e-01 2.662720642089843750e+02
6.707300315414208569e-01 2.644620666503906250e+02
6.738716241950106767e-01 2.630833435058593750e+02
6.770132168486004964e-01 2.618145141601562500e+02
6.801548095021903162e-01 2.599818420410156250e+02
6.832964021557800249e-01 2.579953918457031250e+02
6.864379948093698447e-01 2.572044677734375000e+02
6.895795874629596645e-01 2.561367797851562500e+02
6.927211801165493732e-01 2.555501556396484375e+02
6.958627727701391930e-01 2.543660888671875000e+02
6.990043654237290127e-01 2.526937561035156250e+02
7.021459580773188325e-01 2.517936706542968750e+02
7.052875507309086522e-01 2.502064514160156250e+02
7.084291433844983610e-01 2.491602783203125000e+02
7.115707360380881807e-01 2.479993438720703125e+02
7.147123286916780005e-01 2.475660705566406250e+02
7.178539213452677092e-01 2.460118865966796875e+02
7.209955139988575290e-01 2.447177886962890625e+02
7.241371066524473488e-01 2.432941741943359375e+02
7.272786993060371685e-01 2.416543273925781250e+02
7.304202919596269883e-01 2.417184753417968750e+02
7.335618846132166970e-01 2.405352630615234375e+02
7.367034772668065168e-01 2.395228424072265625e+02
7.398450699203963365e-01 2.381614837646484375e+02
7.429866625739861563e-01 2.371128692626953125e+02
7.461282552275758650e-01 2.366131439208984375e+02
7.492698478811656848e-01 2.359060516357421875e+02
7.524114405347555046e-01 2.337838134765625000e+02
7.555530331883453243e-01 2.326047668457031250e+02
7.586946258419351441e-01 2.320873260498046875e+02
7.618362184955248528e-01 2.311226806640625000e+02
7.649778111491146726e-01 2.305081481933593750e+02
7.681194038027044924e-01 2.284322814941406250e+02
7.712609964562942011e-01 2.281145935058593750e+02
7.744025891098840209e-01 2.276099853515625000e+02
7.775441817634738406e-01 2.260648040771484375e+02
7.806857744170636604e-01 2.257991485595703125e+02
7.838273670706534801e-01 2.244279785156250000e+02
7.869689597242431889e-01 2.235796661376953125e+02
7.901105523778330086e-01 2.227033996582031250e+02
7.932521450314228284e-01 2.215211639404296875e+02
7.963937376850125371e-01 2.211676330566406250e+02
7.995353303386023569e-01 2.198147735595703125e+02
8.026769229921921767e-01 2.189997100830078125e+02
8.058185156457819964e-01 2.185257415771484375e+02
8.089601082993718162e-01 2.174019165039062500e+02
8.121017009529616359e-01 2.167293853759765625e+02
8.152432936065513447e-01 2.161940917968750000e+02
8.183848862601411644e-01 2.148340148925781250e+02
8.215264789137309842e-01 2.142531585693359375e+02
8.246680715673206929e-01 2.132697906494140625e+02
8.278096642209105127e-01 2.122822418212890625e+02
8.309512568745003325e-01 2.116490478515625000e+02
8.340928495280901522e-01 2.104917907714843750e+02
8.372344421816799720e-01 2.101975097656250000e+02
8.403760348352696807e-01 2.086660461425781250e+02
8.435176274888595005e-01 2.090593109130859375e+02
8.466592201424493203e-01 2.076496276855468750e+02
8.498008127960390290e-01 2.063498992919921875e+02
8.529424054496288488e-01 2.062084045410156250e+02
8.560839981032186685e-01 2.054766235351562500e+02
8.592255907568084883e-01 2.044008331298828125e+02
8.623671834103983080e-01 2.036584014892578125e+02
8.655087760639880168e-01 2.033357391357421875e+02
8.686503687175778365e-01 2.018940582275390625e+02
8.717919613711676563e-01 2.017120971679687500e+02
8.749335540247574761e-01 2.008103485107421875e+02
8.780751466783471848e-01 2.004646301269531250e+02
8.812167393319370046e-01 1.987727966308593750e+02
8.843583319855268243e-01 1.990789642333984375e+02
8.874999246391166441e-01 1.980733337402343750e+02
8.906415172927064638e-01 1.972578887939453125e+02
8.937831099462961726e-01 1.971903991699218750e+02
8.969247025998859923e-01 1.960383605957031250e+02
9.000662952534758121e-01 1.956693267822265625e+02
9.032078879070655208e-01 1.944188079833984375e+02
