1.570796326794896653e-03 3.007867431640625000e+03
4.712388980384689743e-03 5.463457519531250000e+03
7.853981633974483484e-03 1.216869042968750000e+04
1.099557428756427549e-02 1.111315722656250000e+04
1.413716694115407096e-02 1.573436718750000000e+04
1.727875959474386297e-02 1.334675683593750000e+04
2.042035224833365498e-02 1.319599804687500000e+04
2.356194490192345045e-02 1.254378906250000000e+04
2.670353755551324246e-02 1.178291894531250000e+04
2.984513020910303793e-02 1.142087988281250000e+04
3.298672286269282994e-02 1.000750195312500000e+04
3.612831551628262194e-02 8.667500976562500000e+03
3.926990816987241395e-02 8.503257812500000000e+03
4.241150082346220596e-02 7.720311035156250000e+03
4.555309347705200490e-02 7.432763183593750000e+03
4.869468613064179691e-02 6.921293945312500000e+03
5.183627878423158891e-02 6.519395019531250000e+03
5.497787143782138092e-02 6.432899902343750000e+03
5.811946409141117986e-02 6.058118652343750000e+03
6.126105674500097187e-02 5.700602050781250000e+03
6.440264939859076387e-02 5.570607910156250000e+03
6.754424205218055588e-02 5.313032226562500000e+03
7.068583470577034789e-02 5.006532714843750000e+03
7.382742735936013989e-02 4.791383300781250000e+03
7.696902001294993190e-02 4.567879882812500000e+03
8.011061266653972390e-02 4.261503417968750000e+03
8.325220532012952979e-02 4.062533691406250000e+03
8.639379797371932179e-02 3.870081787109375000e+03
8.953539062730911380e-02 3.548321044921875000e+03
9.267698328089890580e-02 3.244288818359375000e+03
9.581857593448869781e-02 3.079697021484375000e+03
9.896016858807848982e-02 2.918870849609375000e+03
1.021017612416682818e-01 2.756886474609375000e+03
1.052433538952580738e-01 2.623333007812500000e+03
1.083849465488478658e-01 2.467412841796875000e+03
1.115265392024376578e-01 2.424498046875000000e+03
1.146681318560274498e-01 2.360009033203125000e+03
1.178097245096172418e-01 2.318793701171875000e+03
1.209513171632070477e-01 2.213004882812500000e+03
1.240929098167968397e-01 2.172661376953125000e+03
1.272345024703866456e-01 2.092422851562500000e+03
1.303760951239764099e-01 2.000660766601562500e+03
1.335176877775662296e-01 1.897387939453125000e+03
1.366592804311559939e-01 1.881752441406250000e+03
1.398008730847458136e-01 1.797656127929687500e+03
1.429424657383355779e-01 1.727936767578125000e+03
1.460840583919253977e-01 1.623935913085937500e+03
1.492256510455151619e-01 1.586601440429687500e+03
1.523672436991049817e-01 1.501565917968750000e+03
1.555088363526947459e-01 1.427377685546875000e+03
1.586504290062845657e-01 1.373650024414062500e+03
1.617920216598743299e-01 1.316456542968750000e+03
1.649336143134641497e-01 1.281277221679687500e+03
1.680752069670539417e-01 1.240652832031250000e+03
1.712167996206437337e-01 1.188242187500000000e+03
1.743583922742335535e-01 1.146726074218750000e+03
1.774999849278233177e-01 1.104595581054687500e+03
1.806415775814131375e-01 1.082872802734375000e+03
1.837831702350029017e-01 1.063294189453125000e+03
1.869247628885927215e-01 1.030873413085937500e+03
1.900663555421824857e-01 1.014059326171875000e+03
1.932079481957723055e-01 9.878770141601562500e+02
1.963495408493620697e-01 9.511572875976562500e+02
1.994911335029518895e-01 9.139260253906250000e+02
2.026327261565416538e-01 8.968452148437500000e+02
2.057743188101314735e-01 8.621822509765625000e+02
2.089159114637212378e-01 8.381273803710937500e+02
2.120575041173110575e-01 8.134279174804687500e+02
2.151990967709008218e-01 7.880083007812500000e+02
2.183406894244906415e-01 7.615672607421875000e+02
2.214822820780804058e-01 7.306594238281250000e+02
2.246238747316702256e-01 7.151177368164062500e+02
2.277654673852599898e-01 6.919214477539062500e+02
2.309070600388498096e-01 6.724375610351562500e+02
2.340486526924396016e-01 6.543998413085937500e+02
2.371902453460293936e-01 6.413057861328125000e+02
2.403318379996192133e-01 6.276467285156250000e+02
2.434734306532089776e-01 6.079367065429687500e+02
2.466150233067987974e-01 5.953521728515625000e+02
2.497566159603885616e-01 5.873094482421875000e+02
2.528982086139783814e-01 5.714173583984375000e+02
2.560398012675681456e-01 5.620114135742187500e+02
2.591813939211579099e-01 5.424678344726562500e+02
2.623229865747477296e-01 5.268674316406250000e+02
2.654645792283375494e-01 5.183128051757812500e+02
2.686061718819273136e-01 5.010133361816406250e+02
2.717477645355171334e-01 4.906432800292968750e+02
2.748893571891068976e-01 4.763480224609375000e+02
2.780309498426967174e-01 4.681862792968750000e+02
2.811725424962865372e-01 4.568443603515625000e+02
2.843141351498763014e-01 4.430071411132812500e+02
2.874557278034660657e-01 4.299952087402343750e+02
2.905973204570558854e-01 4.277678833007812500e+02
2.937389131106457052e-01 4.135470275878906250e+02
2.968805057642354694e-01 4.039675292968750000e+02
3.000220984178252337e-01 3.961767578125000000e+02
3.031636910714150535e-01 3.854157409667968750e+02
3.063052837250048732e-01 3.776724548339843750e+02
3.094468763785946375e-01 3.695148925781250000e+02
3.125884690321844017e-01 3.601724853515625000e+02
3.157300616857742215e-01 3.553746948242187500e+02
3.188716543393640412e-01 3.486520996093750000e+02
3.220132469929538055e-01 3.391957397460937500e+02
3.251548396465435697e-01 3.348788757324218750e+02
3.282964323001333895e-01 3.249506835937500000e+02
3.314380249537232093e-01 3.217074890136718750e+02
3.345796176073129735e-01 3.125605773925781250e+02
3.377212102609027933e-01 3.066966857910156250e+02
3.408628029144925575e-01 3.001048889160156250e+02
3.440043955680823773e-01 2.933637084960937500e+02
3.471459882216721970e-01 2.887694396972656250e+02
3.502875808752619613e-01 2.833263244628906250e+02
3.534291735288517255e-01 2.763914489746093750e+02
3.565707661824415453e-01 2.713342895507812500e+02
3.597123588360313651e-01 2.669635925292968750e+02
3.628539514896211293e-01 2.608326416015625000e+02
3.659955441432108936e-01 2.564586181640625000e+02
3.691371367968007133e-01 2.499571075439453125e+02
3.722787294503905331e-01 2.462018127441406250e+02
3.754203221039802973e-01 2.410335235595703125e+02
3.785619147575700616e-01 2.369246215820312500e+02
3.817035074111598814e-01 2.327752227783203125e+02
3.848451000647497011e-01 2.289795837402343750e+02
3.879866927183394654e-01 2.248879547119140625e+02
3.911282853719292296e-01 2.192870178222656250e+02
3.942698780255190494e-01 2.156846160888671875e+02
3.974114706791088691e-01 2.123979644775390625e+02
4.005530633326986334e-01 2.073309326171875000e+02
4.036946559862884532e-01 2.049461822509765625e+02
4.068362486398782174e-01 2.006146240234375000e+02
4.099778412934680372e-01 1.967017517089843750e+02
4.131194339470578569e-01 1.930376586914062500e+02
4.162610266006476212e-01 1.908521881103515625e+02
4.194026192542373854e-01 1.867574462890625000e+02
4.225442119078272052e-01 1.837245330810546875e+02
4.256858045614170249e-01 1.800307312011718750e+02
4.288273972150067892e-01 1.773823699951171875e+02
4.319689898685965534e-01 1.747441101074218750e+02
4.351105825221863732e-01 1.710691375732421875e+02
4.382521751757761930e-01 1.683501129150390625e+02
4.413937678293659572e-01 1.653422698974609375e+02
4.445353604829557215e-01 1.633389739990234375e+02
4.476769531365455412e-01 1.603115692138671875e+02
4.508185457901353610e-01 1.574205780029296875e+02
4.539601384437251252e-01 1.554749145507812500e+02
4.571017310973148895e-01 1.528945312500000000e+02
4.602433237509047093e-01 1.503063201904296875e+02
4.633849164044945290e-01 1.484632110595703125e+02
4.665265090580842933e-01 1.448695373535156250e+02
4.696681017116741130e-01 1.431812744140625000e+02
4.728096943652638773e-01 1.408241577148437500e+02
4.759512870188536970e-01 1.389484100341796875e+02
4.790928796724435168e-01 1.361192626953125000e+02
4.822344723260332811e-01 1.342639465332031250e+02
4.853760649796230453e-01 1.323305206298828125e+02
4.885176576332128651e-01 1.299818878173828125e+02
4.916592502868026848e-01 1.276626434326171875e+02
4.948008429403924491e-01 1.263638610839843750e+02
4.979424355939822133e-01 1.249300842285156250e+02
5.010840282475720331e-01 1.225789642333984375e+02
5.042256209011618528e-01 1.205481948852539062e+02
5.073672135547515616e-01 1.189360656738281250e+02
5.105088062083413813e-01 1.177814712524414062e+02
5.136503988619312011e-01 1.159925842285156250e+02
5.167919915155210209e-01 1.140069427490234375e+02
5.199335841691108406e-01 1.122447662353515625e+02
5.230751768227005494e-01 1.103208236694335938e+02
5.262167694762903691e-01 1.088773880004882812e+02
5.293583621298801889e-01 1.068633193969726562e+02
5.324999547834698976e-01 1.055228805541992188e+02
5.356415474370597174e-01 1.039975433349609375e+02
5.387831400906495372e-01 1.025123367309570312e+02
5.419247327442393569e-01 1.011879348754882812e+02
5.450663253978291767e-01 9.979796600341796875e+01
5.482079180514189964e-01 9.889176940917968750e+01
5.513495107050087052e-01 9.715789794921875000e+01
5.544911033585985249e-01 9.530806732177734375e+01
5.576326960121883447e-01 9.478515625000000000e+01
5.607742886657780534e-01 9.283996582031250000e+01
5.639158813193678732e-01 9.192353057861328125e+01
5.670574739729576930e-01 9.058499908447265625e+01
5.701990666265475127e-01 8.929219055175781250e+01
5.733406592801373325e-01 8.828775024414062500e+01
5.764822519337270412e-01 8.722016143798828125e+01
5.796238445873168610e-01 8.573893737792968750e+01
5.827654372409066807e-01 8.475675964355468750e+01
5.859070298944963895e-01 8.374576568603515625e+01
5.890486225480862092e-01 8.262962341308593750e+01
5.921902152016760290e-01 8.122991943359375000e+01
5.953318078552658488e-01 8.033455657958984375e+01
5.984734005088556685e-01 7.929785919189453125e+01
6.016149931624453773e-01 7.824463653564453125e+01
6.047565858160351970e-01 7.729138183593750000e+01
6.078981784696250168e-01 7.629869842529296875e+01
6.110397711232148366e-01 7.516897583007812500e+01
6.141813637768045453e-01 7.438890838623046875e+01
6.173229564303943651e-01 7.330207061767578125e+01
6.204645490839841848e-01 7.243635559082031250e+01
6.236061417375740046e-01 7.149861145019531250e+01
6.267477343911638243e-01 7.066786956787109375e+01
6.298893270447535331e-01 6.973576354980468750e+01
6.330309196983433528e-01 6.881199645996093750e+01
6.361725123519331726e-01 6.831293487548828125e+01
6.393141050055228813e-01 6.720303344726562500e+01
6.424556976591127011e-01 6.666442871093750000e+01
6.455972903127025209e-01 6.575305938720703125e+01
6.487388829662923406e-01 6.488825225830078125e+01
6.518804756198821604e-01 6.395841598510742188e+01
6.550220682734718691e-01 6.337502670288085938e+01
6.581636609270616889e-01 6.283187866210937500e+01
6.613052535806515086e-01 6.204874801635742188e+01
6.644468462342412174e-01 6.121714401245117188e+01
6.675884388878310371e-01 6.059215545654296875e+01
6.707300315414208569e-01 5.970817947387695312e+01
6.738716241950106767e-01 5.906152343750000000e+01
6.770132168486004964e-01 5.829127883911132812e+01
6.801548095021903162e-01 5.772183609008789062e+01
6.832964021557800249e-01 5.686206054687500000e+01
6.864379948093698447e-01 5.625926971435546875e+01
6.895795874629596645e-01 5.567717742919921875e+01
6.927211801165493732e-01 5.518350601196289062e+01
6.958627727701391930e-01 5.460305786132812500e+01
6.990043654237290127e-01 5.367434310913085938e+01
7.021459580773188325e-01 5.348067474365234375e+01
7.052875507309086522e-01 5.264754104614257812e+01
7.084291433844983610e-01 5.206149673461914062e+01
7.115707360380881807e-01 5.152334213256835938e+01
7.147123286916780005e-01 5.100312042236328125e+01
7.178539213452677092e-01 5.047743606567382812e+01
7.209955139988575290e-01 4.990650558471679688e+01
7.241371066524473488e-01 4.928400421142578125e+01
7.272786993060371685e-01 4.863331604003906250e+01
7.304202919596269883e-01 4.840359497070312500e+01
7.335618846132166970e-01 4.785690307617187500e+01
7.367034772668065168e-01 4.736541366577148438e+01
7.398450699203963365e-01 4.689140319824218750e+01
7.429866625739861563e-01 4.627681732177734375e+01
7.461282552275758650e-01 4.595078277587890625e+01
7.492698478811656848e-01 4.556619262695312500e+01
7.524114405347555046e-01 4.492931365966796875e+01
7.555530331883453243e-01 4.452520751953125000e+01
7.586946258419351441e-01 4.399731445312500000e+01
7.618362184955248528e-01 4.345882415771484375e+01
7.649778111491146726e-01 4.313312149047851562e+01
7.681194038027044924e-01 4.256015777587890625e+01
7.712609964562942011e-01 4.231107330322265625e+01
7.744025891098840209e-01 4.191689300537109375e+01
7.775441817634738406e-01 4.137753295898437500e+01
7.806857744170636604e-01 4.122670364379882812e+01
7.838273670706534801e-01 4.060568618774414062e+01
7.869689597242431889e-01 4.025902557373046875e+01
7.901105523778330086e-01 3.989084625244140625e+01
7.932521450314228284e-01 3.950366592407226562e+01
7.963937376850125371e-01 3.915159988403320312e+01
7.995353303386023569e-01 3.877581024169921875e+01
8.026769229921921767e-01 3.848052978515625000e+01
8.058185156457819964e-01 3.814794921875000000e+01
8.089601082993718162e-01 3.778548049926757812e+01
8.121017009529616359e-01 3.736140441894531250e+01
8.152432936065513447e-01 3.713760375976562500e+01
8.183848862601411644e-01 3.683368301391601562e+01
8.215264789137309842e-01 3.650888824462890625e+01
8.246680715673206929e-01 3.617156219482421875e+01
8.278096642209105127e-01 3.582037353515625000e+01
8.309512568745003325e-01 3.554703140258789062e+01
8.340928495280901522e-01 3.520806121826171875e+01
8.372344421816799720e-01 3.502940368652343750e+01
8.403760348352696807e-01 3.456870651245117188e+01
8.435176274888595005e-01 3.447608947753906250e+01
8.466592201424493203e-01 3.414310073852539062e+01
8.498008127960390290e-01 3.376924514770507812e+01
8.529424054496288488e-01 3.359423828125000000e+01
8.560839981032186685e-01 3.328164291381835938e+01
8.592255907568084883e-01 3.307941055297851562e+01
8.623671834103983080e-01 3.279790496826171875e+01
8.655087760639880168e-01 3.255297088623046875e+01
8.686503687175778365e-01 3.223588943481445312e+01
8.717919613711676563e-01 3.216066741943359375e+01
8.749335540247574761e-01 3.178280830383300781e+01
8.780751466783471848e-01 3.166338920593261719e+01
8.812167393319370046e-01 3.135886192321777344e+01
8.843583319855268243e-01 3.119476890563964844e+01
8.874999246391166441e-01 3.100729560852050781e+01
8.906415172927064638e-01 3.074704933166503906e+01
8.937831099462961726e-01 3.055242156982421875e+01
8.969247025998859923e-01 3.034864425659179688e+01
9.000662952534758121e-01 3.020079803466796875e+01
9.032078879070655208e-01 2.989463233947753906e+01
