1.570796326794896653e-03 7.911003417968750000e+03
4.712388980384689743e-03 5.760213867187500000e+03
7.853981633974483484e-03 1.277744238281250000e+04
1.099557428756427549e-02 1.243757812500000000e+04
1.413716694115407096e-02 1.514105175781250000e+04
1.727875959474386297e-02 1.398561425781250000e+04
2.042035224833365498e-02 1.357212890625000000e+04
2.356194490192345045e-02 1.452401171875000000e+04
2.670353755551324246e-02 1.208663085937500000e+04
2.984513020910303793e-02 1.119530566406250000e+04
3.298672286269282994e-02 1.063559667968750000e+04
3.612831551628262194e-02 9.154910156250000000e+03
3.926990816987241395e-02 9.324361328125000000e+03
4.241150082346220596e-02 8.397433593750000000e+03
4.555309347705200490e-02 7.991108886718750000e+03
4.869468613064179691e-02 7.499213867187500000e+03
5.183627878423158891e-02 7.211056640625000000e+03
5.497787143782138092e-02 6.740594726562500000e+03
5.811946409141117986e-02 6.296066894531250000e+03
6.126105674500097187e-02 5.895282226562500000e+03
6.440264939859076387e-02 6.159338378906250000e+03
6.754424205218055588e-02 5.671080566406250000e+03
7.068583470577034789e-02 5.422605468750000000e+03
7.382742735936013989e-02 5.337867187500000000e+03
7.696902001294993190e-02 5.122524414062500000e+03
8.011061266653972390e-02 4.734660156250000000e+03
8.325220532012952979e-02 4.415429199218750000e+03
8.639379797371932179e-02 4.202291015625000000e+03
8.953539062730911380e-02 4.023078369140625000e+03
9.267698328089890580e-02 3.750352539062500000e+03
9.581857593448869781e-02 3.482688964843750000e+03
9.896016858807848982e-02 3.339304687500000000e+03
1.021017612416682818e-01 3.193628173828125000e+03
1.052433538952580738e-01 3.016395507812500000e+03
1.083849465488478658e-01 2.934510009765625000e+03
1.115265392024376578e-01 2.826764892578125000e+03
1.146681318560274498e-01 2.782641113281250000e+03
1.178097245096172418e-01 2.638409179687500000e+03
1.209513171632070477e-01 2.599915771484375000e+03
1.240929098167968397e-01 2.553311035156250000e+03
1.272345024703866456e-01 2.526858398437500000e+03
1.303760951239764099e-01 2.424781738281250000e+03
1.335176877775662296e-01 2.371740234375000000e+03
1.366592804311559939e-01 2.263313964843750000e+03
1.398008730847458136e-01 2.202078613281250000e+03
1.429424657383355779e-01 2.116382568359375000e+03
1.460840583919253977e-01 2.045991821289062500e+03
1.492256510455151619e-01 1.970618530273437500e+03
1.523672436991049817e-01 1.854225830078125000e+03
1.555088363526947459e-01 1.823642700195312500e+03
1.586504290062845657e-01 1.744029663085937500e+03
1.617920216598743299e-01 1.713573974609375000e+03
1.649336143134641497e-01 1.661988159179687500e+03
1.680752069670539417e-01 1.593984130859375000e+03
1.712167996206437337e-01 1.550738769531250000e+03
1.743583922742335535e-01 1.515113037109375000e+03
1.774999849278233177e-01 1.480615722656250000e+03
1.806415775814131375e-01 1.466979614257812500e+03
1.837831702350029017e-01 1.419729003906250000e+03
1.869247628885927215e-01 1.397267456054687500e+03
1.900663555421824857e-01 1.377637817382812500e+03
1.932079481957723055e-01 1.355248413085937500e+03
1.963495408493620697e-01 1.315546020507812500e+03
1.994911335029518895e-01 1.306145141601562500e+03
2.026327261565416538e-01 1.262609497070312500e+03
2.057743188101314735e-01 1.230797119140625000e+03
2.089159114637212378e-01 1.195972045898437500e+03
2.120575041173110575e-01 1.175491821289062500e+03
2.151990967709008218e-01 1.146537109375000000e+03
2.183406894244906415e-01 1.105964111328125000e+03
2.214822820780804058e-01 1.100937622070312500e+03
2.246238747316702256e-01 1.058813964843750000e+03
2.277654673852599898e-01 1.045622070312500000e+03
2.309070600388498096e-01 1.020669067382812500e+03
2.340486526924396016e-01 9.994268798828125000e+02
2.371902453460293936e-01 9.805371704101562500e+02
2.403318379996192133e-01 9.606923217773437500e+02
2.434734306532089776e-01 9.634733276367187500e+02
2.466150233067987974e-01 9.259948120117187500e+02
2.497566159603885616e-01 9.262701416015625000e+02
2.528982086139783814e-01 9.148065185546875000e+02
2.560398012675681456e-01 8.831861572265625000e+02
2.591813939211579099e-01 8.713018798828125000e+02
2.623229865747477296e-01 8.512770385742187500e+02
2.654645792283375494e-01 8.474707031250000000e+02
2.686061718819273136e-01 8.355928344726562500e+02
2.717477645355171334e-01 8.209973144531250000e+02
2.748893571891068976e-01 8.104566650390625000e+02
2.780309498426967174e-01 7.878779296875000000e+02
2.811725424962865372e-01 7.729158935546875000e+02
2.843141351498763014e-01 7.654790649414062500e+02
2.874557278034660657e-01 7.603961791992187500e+02
2.905973204570558854e-01 7.431078491210937500e+02
2.937389131106457052e-01 7.308593750000000000e+02
2.968805057642354694e-01 7.189381103515625000e+02
3.000220984178252337e-01 7.114667968750000000e+02
3.031636910714150535e-01 7.012640380859375000e+02
3.063052837250048732e-01 6.923849487304687500e+02
3.094468763785946375e-01 6.792480468750000000e+02
3.125884690321844017e-01 6.701764526367187500e+02
3.157300616857742215e-01 6.635803222656250000e+02
3.188716543393640412e-01 6.530883789062500000e+02
3.220132469929538055e-01 6.430393066406250000e+02
3.251548396465435697e-01 6.364393310546875000e+02
3.282964323001333895e-01 6.288429565429687500e+02
3.314380249537232093e-01 6.212000732421875000e+02
3.345796176073129735e-01 6.151856079101562500e+02
3.377212102609027933e-01 6.032092895507812500e+02
3.408628029144925575e-01 6.011049194335937500e+02
3.440043955680823773e-01 5.893435058593750000e+02
3.471459882216721970e-01 5.827061767578125000e+02
3.502875808752619613e-01 5.773374633789062500e+02
3.534291735288517255e-01 5.718566894531250000e+02
3.565707661824415453e-01 5.645830078125000000e+02
3.597123588360313651e-01 5.577778930664062500e+02
3.628539514896211293e-01 5.494215698242187500e+02
3.659955441432108936e-01 5.397287597656250000e+02
3.691371367968007133e-01 5.384003906250000000e+02
3.722787294503905331e-01 5.282102050781250000e+02
3.754203221039802973e-01 5.238700561523437500e+02
3.785619147575700616e-01 5.227221679687500000e+02
3.817035074111598814e-01 5.144645385742187500e+02
3.848451000647497011e-01 5.093279418945312500e+02
3.879866927183394654e-01 5.016820373535156250e+02
3.911282853719292296e-01 4.956416320800781250e+02
3.942698780255190494e-01 4.930645751953125000e+02
3.974114706791088691e-01 4.891729125976562500e+02
4.005530633326986334e-01 4.809708557128906250e+02
4.036946559862884532e-01 4.784769897460937500e+02
4.068362486398782174e-01 4.760570373535156250e+02
4.099778412934680372e-01 4.685987548828125000e+02
4.131194339470578569e-01 4.654458007812500000e+02
4.162610266006476212e-01 4.620204467773437500e+02
4.194026192542373854e-01 4.574665832519531250e+02
4.225442119078272052e-01 4.529763793945312500e+02
4.256858045614170249e-01 4.458079223632812500e+02
4.288273972150067892e-01 4.439389343261718750e+02
4.319689898685965534e-01 4.413965148925781250e+02
4.351105825221863732e-01 4.349187316894531250e+02
4.382521751757761930e-01 4.335484924316406250e+02
4.413937678293659572e-01 4.278422241210937500e+02
4.445353604829557215e-01 4.229563293457031250e+02
4.476769531365455412e-01 4.216380310058593750e+02
4.508185457901353610e-01 4.175451354980468750e+02
4.539601384437251252e-01 4.143718261718750000e+02
4.571017310973148895e-01 4.101387329101562500e+02
4.602433237509047093e-01 4.063316650390625000e+02
4.633849164044945290e-01 4.031260681152343750e+02
4.665265090580842933e-01 4.003683776855468750e+02
4.696681017116741130e-01 3.962962036132812500e+02
4.728096943652638773e-01 3.937309265136718750e+02
4.759512870188536970e-01 3.915990295410156250e+02
4.790928796724435168e-01 3.880155029296875000e+02
4.822344723260332811e-01 3.836528015136718750e+02
4.853760649796230453e-01 3.803249206542968750e+02
4.885176576332128651e-01 3.770428466796875000e+02
4.916592502868026848e-01 3.759682617187500000e+02
4.948008429403924491e-01 3.712949829101562500e+02
4.979424355939822133e-01 3.700944519042968750e+02
5.010840282475720331e-01 3.659995117187500000e+02
5.042256209011618528e-01 3.637000732421875000e+02
5.073672135547515616e-01 3.622959899902343750e+02
5.105088062083413813e-01 3.605715637207031250e+02
5.136503988619312011e-01 3.572216796875000000e+02
5.167919915155210209e-01 3.537796630859375000e+02
5.199335841691108406e-01 3.511608581542968750e+02
5.230751768227005494e-01 3.487644042968750000e+02
5.262167694762903691e-01 3.453921508789062500e+02
5.293583621298801889e-01 3.461035461425781250e+02
5.324999547834698976e-01 3.428016967773437500e+02
5.356415474370597174e-01 3.395032043457031250e+02
5.387831400906495372e-01 3.374444274902343750e+02
5.419247327442393569e-01 3.359439086914062500e+02
5.450663253978291767e-01 3.318860473632812500e+02
5.482079180514189964e-01 3.307442626953125000e+02
5.513495107050087052e-01 3.277229919433593750e+02
5.544911033585985249e-01 3.259306640625000000e+02
5.576326960121883447e-01 3.252322082519531250e+02
5.607742886657780534e-01 3.231339721679687500e+02
5.639158813193678732e-01 3.206096496582031250e+02
5.670574739729576930e-01 3.178073730468750000e+02
5.701990666265475127e-01 3.156179809570312500e+02
5.733406592801373325e-01 3.143024902343750000e+02
5.764822519337270412e-01 3.133454895019531250e+02
5.796238445873168610e-01 3.098915100097656250e+02
5.827654372409066807e-01 3.078916931152343750e+02
5.859070298944963895e-01 3.048529052734375000e+02
5.890486225480862092e-01 3.037471313476562500e+02
5.921902152016760290e-01 3.026011657714843750e+02
5.953318078552658488e-01 3.004767456054687500e+02
5.984734005088556685e-01 2.997726440429687500e+02
6.016149931624453773e-01 2.973863830566406250e+02
6.047565858160351970e-01 2.975681457519531250e+02
6.078981784696250168e-01 2.943777465820312500e+02
6.110397711232148366e-01 2.924296264648437500e+02
6.141813637768045453e-01 2.914338073730468750e+02
6.173229564303943651e-01 2.897143554687500000e+02
6.204645490839841848e-01 2.890931091308593750e+02
6.236061417375740046e-01 2.864872131347656250e+02
6.267477343911638243e-01 2.843929748535156250e+02
6.298893270447535331e-01 2.822730407714843750e+02
6.330309196983433528e-01 2.810980529785156250e+02
6.361725123519331726e-01 2.805247802734375000e+02
6.393141050055228813e-01 2.796178283691406250e+02
6.424556976591127011e-01 2.772468261718750000e+02
6.455972903127025209e-01 2.751926574707031250e+02
6.487388829662923406e-01 2.746179809570312500e+02
6.518804756198821604e-01 2.720349121093750000e+02
6.550220682734718691e-01 2.719540100097656250e+02
6.581636609270616889e-01 2.698302917480468750e+02
6.613052535806515086e-01 2.682036437988281250e+02
6.644468462342412174e-01 2.680682373046875000e+02
6.675884388878310371e-01 2.653193054199218750e+02
6.707300315414208569e-01 2.648724060058593750e+02
6.738716241950106767e-01 2.626467895507812500e+02
6.770132168486004964e-01 2.623063049316406250e+02
6.801548095021903162e-01 2.614062500000000000e+02
6.832964021557800249e-01 2.590384826660156250e+02
6.864379948093698447e-01 2.589106750488281250e+02
6.895795874629596645e-01 2.573865051269531250e+02
6.927211801165493732e-01 2.559427490234375000e+02
6.958627727701391930e-01 2.539689483642578125e+02
6.990043654237290127e-01 2.531873779296875000e+02
7.021459580773188325e-01 2.522158966064453125e+02
7.052875507309086522e-01 2.508410034179687500e+02
7.084291433844983610e-01 2.499871826171875000e+02
7.115707360380881807e-01 2.486444549560546875e+02
7.147123286916780005e-01 2.473699951171875000e+02
7.178539213452677092e-01 2.467445526123046875e+02
7.209955139988575290e-01 2.453898620605468750e+02
7.241371066524473488e-01 2.445363464355468750e+02
7.272786993060371685e-01 2.432174682617187500e+02
7.304202919596269883e-01 2.421225891113281250e+02
7.335618846132166970e-01 2.401979522705078125e+02
7.367034772668065168e-01 2.400633697509765625e+02
7.398450699203963365e-01 2.381566009521484375e+02
7.429866625739861563e-01 2.377291259765625000e+02
7.461282552275758650e-01 2.365792388916015625e+02
7.492698478811656848e-01 2.360863800048828125e+02
7.524114405347555046e-01 2.345232696533203125e+02
7.555530331883453243e-01 2.338437652587890625e+02
7.586946258419351441e-01 2.329158020019531250e+02
7.618362184955248528e-01 2.311629180908203125e+02
7.649778111491146726e-01 2.298557739257812500e+02
7.681194038027044924e-01 2.294617004394531250e+02
7.712609964562942011e-01 2.282533111572265625e+02
7.744025891098840209e-01 2.275525054931640625e+02
7.775441817634738406e-01 2.264429473876953125e+02
7.806857744170636604e-01 2.255047607421875000e+02
7.838273670706534801e-01 2.244251403808593750e+02
7.869689597242431889e-01 2.238533477783203125e+02
7.901105523778330086e-01 2.232272796630859375e+02
7.932521450314228284e-01 2.221322021484375000e+02
7.963937376850125371e-01 2.207911834716796875e+02
7.995353303386023569e-01 2.204781036376953125e+02
8.026769229921921767e-01 2.196672973632812500e+02
8.058185156457819964e-01 2.186885528564453125e+02
8.089601082993718162e-01 2.180566253662109375e+02
8.121017009529616359e-01 2.167954101562500000e+02
8.152432936065513447e-01 2.158166046142578125e+02
8.183848862601411644e-01 2.161637420654296875e+02
8.215264789137309842e-01 2.142990570068359375e+02
8.246680715673206929e-01 2.136048431396484375e+02
8.278096642209105127e-01 2.133157196044921875e+02
8.309512568745003325e-01 2.119612731933593750e+02
8.340928495280901522e-01 2.108353576660156250e+02
8.372344421816799720e-01 2.101138305664062500e+02
8.403760348352696807e-01 2.089871063232421875e+02
8.435176274888595005e-01 2.083704681396484375e+02
8.466592201424493203e-01 2.077986602783203125e+02
8.498008127960390290e-01 2.075127716064453125e+02
8.529424054496288488e-01 2.065227050781250000e+02
8.560839981032186685e-01 2.056841430664062500e+02
8.592255907568084883e-01 2.047569274902343750e+02
8.623671834103983080e-01 2.041913146972656250e+02
8.655087760639880168e-01 2.035301818847656250e+02
8.686503687175778365e-01 2.026760406494140625e+02
8.717919613711676563e-01 2.013099517822265625e+02
8.749335540247574761e-01 2.012915039062500000e+02
8.780751466783471848e-01 2.008006134033203125e+02
8.812167393319370046e-01 2.004715881347656250e+02
8.843583319855268243e-01 1.992434082031250000e+02
8.874999246391166441e-01 1.983410644531250000e+02
8.906415172927064638e-01 1.978665161132812500e+02
8.937831099462961726e-01 1.972453613281250000e+02
8.969247025998859923e-01 1.966683654785156250e+02
9.000662952534758121e-01 1.952510223388671875e+02
9.032078879070655208e-01 1.949694519042968750e+02
