1.570796326794896653e-03 1.313954687500000000e+04
4.712388980384689743e-03 7.535835937500000000e+03
7.853981633974483484e-03 1.409227343750000000e+04
1.099557428756427549e-02 1.404848535156250000e+04
1.413716694115407096e-02 1.346810253906250000e+04
1.727875959474386297e-02 1.402237500000000000e+04
2.042035224833365498e-02 1.323169628906250000e+04
2.356194490192345045e-02 1.304633398437500000e+04
2.670353755551324246e-02 1.156223339843750000e+04
2.984513020910303793e-02 1.131326464843750000e+04
3.298672286269282994e-02 1.060038867187500000e+04
3.612831551628262194e-02 9.892959960937500000e+03
3.926990816987241395e-02 9.088176757812500000e+03
4.241150082346220596e-02 8.706506835937500000e+03
4.555309347705200490e-02 7.794485839843750000e+03
4.869468613064179691e-02 7.469475585937500000e+03
5.183627878423158891e-02 6.706238769531250000e+03
5.497787143782138092e-02 6.861172363281250000e+03
5.811946409141117986e-02 6.492745117187500000e+03
6.126105674500097187e-02 6.177652832031250000e+03
6.440264939859076387e-02 5.852444824218750000e+03
6.754424205218055588e-02 5.800363769531250000e+03
7.068583470577034789e-02 5.445456054687500000e+03
7.382742735936013989e-02 5.336141601562500000e+03
7.696902001294993190e-02 4.939647460937500000e+03
8.011061266653972390e-02 4.686905761718750000e+03
8.325220532012952979e-02 4.526303710937500000e+03
8.639379797371932179e-02 4.224016113281250000e+03
8.953539062730911380e-02 4.054037109375000000e+03
9.267698328089890580e-02 3.650436279296875000e+03
9.581857593448869781e-02 3.446292968750000000e+03
9.896016858807848982e-02 3.245861328125000000e+03
1.021017612416682818e-01 3.110618896484375000e+03
1.052433538952580738e-01 3.055379638671875000e+03
1.083849465488478658e-01 2.898780761718750000e+03
1.115265392024376578e-01 2.836843505859375000e+03
1.146681318560274498e-01 2.751570312500000000e+03
1.178097245096172418e-01 2.681788818359375000e+03
1.209513171632070477e-01 2.585004150390625000e+03
1.240929098167968397e-01 2.552520507812500000e+03
1.272345024703866456e-01 2.499020996093750000e+03
1.303760951239764099e-01 2.429894775390625000e+03
1.335176877775662296e-01 2.352695556640625000e+03
1.366592804311559939e-01 2.282275634765625000e+03
1.398008730847458136e-01 2.198530517578125000e+03
1.429424657383355779e-01 2.135922607421875000e+03
1.460840583919253977e-01 2.044726440429687500e+03
1.492256510455151619e-01 1.935556884765625000e+03
1.523672436991049817e-01 1.898635864257812500e+03
1.555088363526947459e-01 1.818520141601562500e+03
1.586504290062845657e-01 1.718289062500000000e+03
1.617920216598743299e-01 1.682558349609375000e+03
1.649336143134641497e-01 1.638662353515625000e+03
1.680752069670539417e-01 1.588433715820312500e+03
1.712167996206437337e-01 1.563038696289062500e+03
1.743583922742335535e-01 1.505782592773437500e+03
1.774999849278233177e-01 1.492412719726562500e+03
1.806415775814131375e-01 1.452810546875000000e+03
1.837831702350029017e-01 1.416543701171875000e+03
1.869247628885927215e-01 1.406773437500000000e+03
1.900663555421824857e-01 1.356022094726562500e+03
1.932079481957723055e-01 1.347797485351562500e+03
1.963495408493620697e-01 1.324154785156250000e+03
1.994911335029518895e-01 1.287682739257812500e+03
2.026327261565416538e-01 1.257015502929687500e+03
2.057743188101314735e-01 1.226402343750000000e+03
2.089159114637212378e-01 1.201316650390625000e+03
2.120575041173110575e-01 1.163315063476562500e+03
2.151990967709008218e-01 1.133468627929687500e+03
2.183406894244906415e-01 1.115241210937500000e+03
2.214822820780804058e-01 1.083079467773437500e+03
2.246238747316702256e-01 1.081570556640625000e+03
2.277654673852599898e-01 1.042612792968750000e+03
2.309070600388498096e-01 1.015463439941406250e+03
2.340486526924396016e-01 1.000389587402343750e+03
2.371902453460293936e-01 9.845759887695312500e+02
2.403318379996192133e-01 9.598760375976562500e+02
2.434734306532089776e-01 9.520487670898437500e+02
2.466150233067987974e-01 9.284256591796875000e+02
2.497566159603885616e-01 9.145906372070312500e+02
2.528982086139783814e-01 9.067497558593750000e+02
2.560398012675681456e-01 8.795722656250000000e+02
2.591813939211579099e-01 8.755661621093750000e+02
2.623229865747477296e-01 8.565636596679687500e+02
2.654645792283375494e-01 8.450749511718750000e+02
2.686061718819273136e-01 8.330988769531250000e+02
2.717477645355171334e-01 8.163912963867187500e+02
2.748893571891068976e-01 7.992171630859375000e+02
2.780309498426967174e-01 7.872883300781250000e+02
2.811725424962865372e-01 7.793526000976562500e+02
2.843141351498763014e-01 7.664023437500000000e+02
2.874557278034660657e-01 7.572407226562500000e+02
2.905973204570558854e-01 7.422530517578125000e+02
2.937389131106457052e-01 7.251353149414062500e+02
2.968805057642354694e-01 7.207153320312500000e+02
3.000220984178252337e-01 7.084819335937500000e+02
3.031636910714150535e-01 6.944425048828125000e+02
3.063052837250048732e-01 6.876424560546875000e+02
3.094468763785946375e-01 6.824735717773437500e+02
3.125884690321844017e-01 6.693690185546875000e+02
3.157300616857742215e-01 6.584296264648437500e+02
3.188716543393640412e-01 6.487647094726562500e+02
3.220132469929538055e-01 6.464596557617187500e+02
3.251548396465435697e-01 6.325850830078125000e+02
3.282964323001333895e-01 6.267183837890625000e+02
3.314380249537232093e-01 6.233875122070312500e+02
3.345796176073129735e-01 6.116185913085937500e+02
3.377212102609027933e-01 6.022882080078125000e+02
3.408628029144925575e-01 5.978532104492187500e+02
3.440043955680823773e-01 5.914824829101562500e+02
3.471459882216721970e-01 5.809833374023437500e+02
3.502875808752619613e-01 5.740245971679687500e+02
3.534291735288517255e-01 5.682113647460937500e+02
3.565707661824415453e-01 5.653040771484375000e+02
3.597123588360313651e-01 5.549403686523437500e+02
3.628539514896211293e-01 5.480567626953125000e+02
3.659955441432108936e-01 5.410975952148437500e+02
3.691371367968007133e-01 5.392514648437500000e+02
3.722787294503905331e-01 5.309132080078125000e+02
3.754203221039802973e-01 5.220399169921875000e+02
3.785619147575700616e-01 5.160117797851562500e+02
3.817035074111598814e-01 5.123309326171875000e+02
3.848451000647497011e-01 5.097579040527343750e+02
3.879866927183394654e-01 5.041674804687500000e+02
3.911282853719292296e-01 4.977348937988281250e+02
3.942698780255190494e-01 4.926837463378906250e+02
3.974114706791088691e-01 4.864649047851562500e+02
4.005530633326986334e-01 4.832950744628906250e+02
4.036946559862884532e-01 4.736649475097656250e+02
4.068362486398782174e-01 4.752618713378906250e+02
4.099778412934680372e-01 4.699393615722656250e+02
4.131194339470578569e-01 4.628287658691406250e+02
4.162610266006476212e-01 4.608235778808593750e+02
4.194026192542373854e-01 4.557032470703125000e+02
4.225442119078272052e-01 4.514919738769531250e+02
4.256858045614170249e-01 4.472595520019531250e+02
4.288273972150067892e-01 4.424006652832031250e+02
4.319689898685965534e-01 4.383739624023437500e+02
4.351105825221863732e-01 4.356086120605468750e+02
4.382521751757761930e-01 4.309707336425781250e+02
4.413937678293659572e-01 4.267095031738281250e+02
4.445353604829557215e-01 4.244519348144531250e+02
4.476769531365455412e-01 4.187978820800781250e+02
4.508185457901353610e-01 4.172041320800781250e+02
4.539601384437251252e-01 4.122153625488281250e+02
4.571017310973148895e-01 4.087666015625000000e+02
4.602433237509047093e-01 4.066288757324218750e+02
4.633849164044945290e-01 4.035487976074218750e+02
4.665265090580842933e-01 4.004594116210937500e+02
4.696681017116741130e-01 3.958604125976562500e+02
4.728096943652638773e-01 3.939548950195312500e+02
4.759512870188536970e-01 3.900003662109375000e+02
4.790928796724435168e-01 3.856525268554687500e+02
4.822344723260332811e-01 3.813885192871093750e+02
4.853760649796230453e-01 3.783200073242187500e+02
4.885176576332128651e-01 3.773943786621093750e+02
4.916592502868026848e-01 3.753674926757812500e+02
4.948008429403924491e-01 3.721961975097656250e+02
4.979424355939822133e-01 3.702515563964843750e+02
5.010840282475720331e-01 3.660273742675781250e+02
5.042256209011618528e-01 3.632656555175781250e+02
5.073672135547515616e-01 3.590659484863281250e+02
5.105088062083413813e-01 3.589083557128906250e+02
5.136503988619312011e-01 3.551672668457031250e+02
5.167919915155210209e-01 3.522405700683593750e+02
5.199335841691108406e-01 3.520366516113281250e+02
5.230751768227005494e-01 3.496057434082031250e+02
5.262167694762903691e-01 3.454751892089843750e+02
5.293583621298801889e-01 3.431866760253906250e+02
5.324999547834698976e-01 3.435057678222656250e+02
5.356415474370597174e-01 3.379035034179687500e+02
5.387831400906495372e-01 3.364385681152343750e+02
5.419247327442393569e-01 3.330671081542968750e+02
5.450663253978291767e-01 3.317395324707031250e+02
5.482079180514189964e-01 3.313406677246093750e+02
5.513495107050087052e-01 3.268692321777343750e+02
5.544911033585985249e-01 3.246256713867187500e+02
5.576326960121883447e-01 3.236076660156250000e+02
5.607742886657780534e-01 3.206200866699218750e+02
5.639158813193678732e-01 3.187753601074218750e+02
5.670574739729576930e-01 3.173578796386718750e+02
5.701990666265475127e-01 3.145876159667968750e+02
5.733406592801373325e-01 3.140156250000000000e+02
5.764822519337270412e-01 3.114252929687500000e+02
5.796238445873168610e-01 3.085204467773437500e+02
5.827654372409066807e-01 3.075592041015625000e+02
5.859070298944963895e-01 3.069057617187500000e+02
5.890486225480862092e-01 3.048402709960937500e+02
5.921902152016760290e-01 3.017529602050781250e+02
5.953318078552658488e-01 2.995304870605468750e+02
5.984734005088556685e-01 2.995720825195312500e+02
6.016149931624453773e-01 2.977158813476562500e+02
6.047565858160351970e-01 2.961487731933593750e+02
6.078981784696250168e-01 2.937041625976562500e+02
6.110397711232148366e-01 2.916408386230468750e+02
6.141813637768045453e-01 2.902284240722656250e+02
6.173229564303943651e-01 2.878541870117187500e+02
6.204645490839841848e-01 2.867212219238281250e+02
6.236061417375740046e-01 2.861035461425781250e+02
6.267477343911638243e-01 2.842816162109375000e+02
6.298893270447535331e-01 2.827298583984375000e+02
6.330309196983433528e-01 2.809583435058593750e+02
6.361725123519331726e-01 2.786140441894531250e+02
6.393141050055228813e-01 2.773021850585937500e+02
6.424556976591127011e-01 2.763950195312500000e+02
6.455972903127025209e-01 2.735458068847656250e+02
6.487388829662923406e-01 2.730285949707031250e+02
6.518804756198821604e-01 2.723811950683593750e+02
6.550220682734718691e-01 2.717209777832031250e+02
6.581636609270616889e-01 2.697486267089843750e+02
6.613052535806515086e-01 2.669692077636718750e+02
6.644468462342412174e-01 2.671154479980468750e+02
6.675884388878310371e-01 2.656144104003906250e+02
6.707300315414208569e-01 2.640331420898437500e+02
6.738716241950106767e-01 2.618529663085937500e+02
6.770132168486004964e-01 2.614458007812500000e+02
6.801548095021903162e-01 2.604323120117187500e+02
6.832964021557800249e-01 2.581907653808593750e+02
6.864379948093698447e-01 2.572340393066406250e+02
6.895795874629596645e-01 2.559824218750000000e+02
6.927211801165493732e-01 2.554885406494140625e+02
6.958627727701391930e-01 2.540683441162109375e+02
6.990043654237290127e-01 2.531579895019531250e+02
7.021459580773188325e-01 2.510512847900390625e+02
7.052875507309086522e-01 2.500381927490234375e+02
7.084291433844983610e-01 2.493421478271484375e+02
7.115707360380881807e-01 2.479205322265625000e+02
7.147123286916780005e-01 2.465775451660156250e+02
7.178539213452677092e-01 2.452435760498046875e+02
7.209955139988575290e-01 2.445840148925781250e+02
7.241371066524473488e-01 2.428277740478515625e+02
7.272786993060371685e-01 2.422131042480468750e+02
7.304202919596269883e-01 2.414200897216796875e+02
7.335618846132166970e-01 2.407824096679687500e+02
7.367034772668065168e-01 2.387961883544921875e+02
7.398450699203963365e-01 2.377950897216796875e+02
7.429866625739861563e-01 2.373860778808593750e+02
7.461282552275758650e-01 2.359193267822265625e+02
7.492698478811656848e-01 2.347700347900390625e+02
7.524114405347555046e-01 2.340610046386718750e+02
7.555530331883453243e-01 2.330251770019531250e+02
7.586946258419351441e-01 2.319402923583984375e+02
7.618362184955248528e-01 2.307743225097656250e+02
7.649778111491146726e-01 2.299720306396484375e+02
7.681194038027044924e-01 2.290539550781250000e+02
7.712609964562942011e-01 2.279408111572265625e+02
7.744025891098840209e-01 2.269770050048828125e+02
7.775441817634738406e-01 2.257057800292968750e+02
7.806857744170636604e-01 2.256404724121093750e+02
7.838273670706534801e-01 2.250223083496093750e+02
7.869689597242431889e-01 2.232033081054687500e+02
7.901105523778330086e-01 2.224143981933593750e+02
7.932521450314228284e-01 2.213066711425781250e+02
7.963937376850125371e-01 2.208087005615234375e+02
7.995353303386023569e-01 2.192619018554687500e+02
8.026769229921921767e-01 2.196125793457031250e+02
8.058185156457819964e-01 2.179128875732421875e+02
8.089601082993718162e-01 2.171664428710937500e+02
8.121017009529616359e-01 2.157541656494140625e+02
8.152432936065513447e-01 2.143886566162109375e+02
8.183848862601411644e-01 2.146605529785156250e+02
8.215264789137309842e-01 2.137562713623046875e+02
8.246680715673206929e-01 2.125409851074218750e+02
8.278096642209105127e-01 2.123880615234375000e+02
8.309512568745003325e-01 2.109868164062500000e+02
8.340928495280901522e-01 2.104678649902343750e+02
8.372344421816799720e-01 2.101966247558593750e+02
8.403760348352696807e-01 2.088637390136718750e+02
8.435176274888595005e-01 2.082310028076171875e+02
8.466592201424493203e-01 2.079853210449218750e+02
8.498008127960390290e-01 2.065798034667968750e+02
8.529424054496288488e-01 2.062467956542968750e+02
8.560839981032186685e-01 2.051132507324218750e+02
8.592255907568084883e-01 2.042042541503906250e+02
8.623671834103983080e-01 2.038638000488281250e+02
8.655087760639880168e-01 2.031409759521484375e+02
8.686503687175778365e-01 2.021147308349609375e+02
8.717919613711676563e-01 2.007479095458984375e+02
8.749335540247574761e-01 2.005647888183593750e+02
8.780751466783471848e-01 2.000292968750000000e+02
8.812167393319370046e-01 1.993570556640625000e+02
8.843583319855268243e-01 1.986502532958984375e+02
8.874999246391166441e-01 1.973969573974609375e+02
8.906415172927064638e-01 1.974278259277343750e+02
8.937831099462961726e-01 1.965957183837890625e+02
8.969247025998859923e-01 1.960614013671875000e+02
9.000662952534758121e-01 1.949190063476562500e+02
9.032078879070655208e-01 1.945396423339843750e+02
