1.570796326794896653e-03 5.810127929687500000e+03
4.712388980384689743e-03 1.092478808593750000e+04
7.853981633974483484e-03 1.098923535156250000e+04
1.099557428756427549e-02 1.349194042968750000e+04
1.413716694115407096e-02 1.356415625000000000e+04
1.727875959474386297e-02 1.460358789062500000e+04
2.042035224833365498e-02 1.266910839843750000e+04
2.356194490192345045e-02 1.362135058593750000e+04
2.670353755551324246e-02 1.216995019531250000e+04
2.984513020910303793e-02 1.104315332031250000e+04
3.298672286269282994e-02 1.067021972656250000e+04
3.612831551628262194e-02 9.625208007812500000e+03
3.926990816987241395e-02 8.949520507812500000e+03
4.241150082346220596e-02 8.544395507812500000e+03
4.555309347705200490e-02 8.037687500000000000e+03
4.869468613064179691e-02 7.416656250000000000e+03
5.183627878423158891e-02 7.015121093750000000e+03
5.497787143782138092e-02 6.649450195312500000e+03
5.811946409141117986e-02 6.438330566406250000e+03
6.126105674500097187e-02 6.284194335937500000e+03
6.440264939859076387e-02 5.788941406250000000e+03
6.754424205218055588e-02 5.705976562500000000e+03
7.068583470577034789e-02 5.521530273437500000e+03
7.382742735936013989e-02 5.188870605468750000e+03
7.696902001294993190e-02 5.094189453125000000e+03
8.011061266653972390e-02 4.941006835937500000e+03
8.325220532012952979e-02 4.436013183593750000e+03
8.639379797371932179e-02 4.237925781250000000e+03
8.953539062730911380e-02 3.944824951171875000e+03
9.267698328089890580e-02 3.795469482421875000e+03
9.581857593448869781e-02 3.421198730468750000e+03
9.896016858807848982e-02 3.353847656250000000e+03
1.021017612416682818e-01 3.144062500000000000e+03
1.052433538952580738e-01 3.016736083984375000e+03
1.083849465488478658e-01 2.862435058593750000e+03
1.115265392024376578e-01 2.798403320312500000e+03
1.146681318560274498e-01 2.703951660156250000e+03
1.178097245096172418e-01 2.684658203125000000e+03
1.209513171632070477e-01 2.634294189453125000e+03
1.240929098167968397e-01 2.495018066406250000e+03
1.272345024703866456e-01 2.472401367187500000e+03
1.303760951239764099e-01 2.426793212890625000e+03
1.335176877775662296e-01 2.383585693359375000e+03
1.366592804311559939e-01 2.287290771484375000e+03
1.398008730847458136e-01 2.168964843750000000e+03
1.429424657383355779e-01 2.147407226562500000e+03
1.460840583919253977e-01 2.008703369140625000e+03
1.492256510455151619e-01 1.961898315429687500e+03
1.523672436991049817e-01 1.896021972656250000e+03
1.555088363526947459e-01 1.829597656250000000e+03
1.586504290062845657e-01 1.743033203125000000e+03
1.617920216598743299e-01 1.699509765625000000e+03
1.649336143134641497e-01 1.659267089843750000e+03
1.680752069670539417e-01 1.591014038085937500e+03
1.712167996206437337e-01 1.528249267578125000e+03
1.743583922742335535e-01 1.507844604492187500e+03
1.774999849278233177e-01 1.471312255859375000e+03
1.806415775814131375e-01 1.463881713867187500e+03
1.837831702350029017e-01 1.423397460937500000e+03
1.869247628885927215e-01 1.409367797851562500e+03
1.900663555421824857e-01 1.368506469726562500e+03
1.932079481957723055e-01 1.330802612304687500e+03
1.963495408493620697e-01 1.318462036132812500e+03
1.994911335029518895e-01 1.285053100585937500e+03
2.026327261565416538e-01 1.251492431640625000e+03
2.057743188101314735e-01 1.230405273437500000e+03
2.089159114637212378e-01 1.188484741210937500e+03
2.120575041173110575e-01 1.172912719726562500e+03
2.151990967709008218e-01 1.135273193359375000e+03
2.183406894244906415e-01 1.107067504882812500e+03
2.214822820780804058e-01 1.093288940429687500e+03
2.246238747316702256e-01 1.064862060546875000e+03
2.277654673852599898e-01 1.044379760742187500e+03
2.309070600388498096e-01 1.017942138671875000e+03
2.340486526924396016e-01 1.000583312988281250e+03
2.371902453460293936e-01 9.805307617187500000e+02
2.403318379996192133e-01 9.632562866210937500e+02
2.434734306532089776e-01 9.502086791992187500e+02
2.466150233067987974e-01 9.317489013671875000e+02
2.497566159603885616e-01 9.167041625976562500e+02
2.528982086139783814e-01 8.963185424804687500e+02
2.560398012675681456e-01 8.889739379882812500e+02
2.591813939211579099e-01 8.748621215820312500e+02
2.623229865747477296e-01 8.604125366210937500e+02
2.654645792283375494e-01 8.450107421875000000e+02
2.686061718819273136e-01 8.375307006835937500e+02
2.717477645355171334e-01 8.123106689453125000e+02
2.748893571891068976e-01 8.047797851562500000e+02
2.780309498426967174e-01 7.846577758789062500e+02
2.811725424962865372e-01 7.736473999023437500e+02
2.843141351498763014e-01 7.629982910156250000e+02
2.874557278034660657e-01 7.515543823242187500e+02
2.905973204570558854e-01 7.421712646484375000e+02
2.937389131106457052e-01 7.316021118164062500e+02
2.968805057642354694e-01 7.117995605468750000e+02
3.000220984178252337e-01 7.041465454101562500e+02
3.031636910714150535e-01 6.995236816406250000e+02
3.063052837250048732e-01 6.884014282226562500e+02
3.094468763785946375e-01 6.760695190429687500e+02
3.125884690321844017e-01 6.716968994140625000e+02
3.157300616857742215e-01 6.630373535156250000e+02
3.188716543393640412e-01 6.551875000000000000e+02
3.220132469929538055e-01 6.428631591796875000e+02
3.251548396465435697e-01 6.342401733398437500e+02
3.282964323001333895e-01 6.302614135742187500e+02
3.314380249537232093e-01 6.200190429687500000e+02
3.345796176073129735e-01 6.130968627929687500e+02
3.377212102609027933e-01 6.047498168945312500e+02
3.408628029144925575e-01 6.003817138671875000e+02
3.440043955680823773e-01 5.890018310546875000e+02
3.471459882216721970e-01 5.790455932617187500e+02
3.502875808752619613e-01 5.766890869140625000e+02
3.534291735288517255e-01 5.689152832031250000e+02
3.565707661824415453e-01 5.638714599609375000e+02
3.597123588360313651e-01 5.559863891601562500e+02
3.628539514896211293e-01 5.494249877929687500e+02
3.659955441432108936e-01 5.428029174804687500e+02
3.691371367968007133e-01 5.371758422851562500e+02
3.722787294503905331e-01 5.280705566406250000e+02
3.754203221039802973e-01 5.244354248046875000e+02
3.785619147575700616e-01 5.193263549804687500e+02
3.817035074111598814e-01 5.131198730468750000e+02
3.848451000647497011e-01 5.076606140136718750e+02
3.879866927183394654e-01 5.044207763671875000e+02
3.911282853719292296e-01 4.973022155761718750e+02
3.942698780255190494e-01 4.926114807128906250e+02
3.974114706791088691e-01 4.896600036621093750e+02
4.005530633326986334e-01 4.805311889648437500e+02
4.036946559862884532e-01 4.778409118652343750e+02
4.068362486398782174e-01 4.740845336914062500e+02
4.099778412934680372e-01 4.699546813964843750e+02
4.131194339470578569e-01 4.663110351562500000e+02
4.162610266006476212e-01 4.580513610839843750e+02
4.194026192542373854e-01 4.575766296386718750e+02
4.225442119078272052e-01 4.535492858886718750e+02
4.256858045614170249e-01 4.464736633300781250e+02
4.288273972150067892e-01 4.420119628906250000e+02
4.319689898685965534e-01 4.381640625000000000e+02
4.351105825221863732e-01 4.339563903808593750e+02
4.382521751757761930e-01 4.296099548339843750e+02
4.413937678293659572e-01 4.298052368164062500e+02
4.445353604829557215e-01 4.241539306640625000e+02
4.476769531365455412e-01 4.202755737304687500e+02
4.508185457901353610e-01 4.171942138671875000e+02
4.539601384437251252e-01 4.126763305664062500e+02
4.571017310973148895e-01 4.117418518066406250e+02
4.602433237509047093e-01 4.051046752929687500e+02
4.633849164044945290e-01 4.042065734863281250e+02
4.665265090580842933e-01 3.990950622558593750e+02
4.696681017116741130e-01 3.969485778808593750e+02
4.728096943652638773e-01 3.934207458496093750e+02
4.759512870188536970e-01 3.896734619140625000e+02
4.790928796724435168e-01 3.861398010253906250e+02
4.822344723260332811e-01 3.833904724121093750e+02
4.853760649796230453e-01 3.818103332519531250e+02
4.885176576332128651e-01 3.777105407714843750e+02
4.916592502868026848e-01 3.774051818847656250e+02
4.948008429403924491e-01 3.723434753417968750e+02
4.979424355939822133e-01 3.697931518554687500e+02
5.010840282475720331e-01 3.671199035644531250e+02
5.042256209011618528e-01 3.636590270996093750e+02
5.073672135547515616e-01 3.612651062011718750e+02
5.105088062083413813e-01 3.587893066406250000e+02
5.136503988619312011e-01 3.559516906738281250e+02
5.167919915155210209e-01 3.532250061035156250e+02
5.199335841691108406e-01 3.509942321777343750e+02
5.230751768227005494e-01 3.492479553222656250e+02
5.262167694762903691e-01 3.460198059082031250e+02
5.293583621298801889e-01 3.430244750976562500e+02
5.324999547834698976e-01 3.417872314453125000e+02
5.356415474370597174e-01 3.397091369628906250e+02
5.387831400906495372e-01 3.364304199218750000e+02
5.419247327442393569e-01 3.354579772949218750e+02
5.450663253978291767e-01 3.320867309570312500e+02
5.482079180514189964e-01 3.296541137695312500e+02
5.513495107050087052e-01 3.276981811523437500e+02
5.544911033585985249e-01 3.264922790527343750e+02
5.576326960121883447e-01 3.233276367187500000e+02
5.607742886657780534e-01 3.226770019531250000e+02
5.639158813193678732e-01 3.191044921875000000e+02
5.670574739729576930e-01 3.166958923339843750e+02
5.701990666265475127e-01 3.145229492187500000e+02
5.733406592801373325e-01 3.141582641601562500e+02
5.764822519337270412e-01 3.112254638671875000e+02
5.796238445873168610e-01 3.097008666992187500e+02
5.827654372409066807e-01 3.078632507324218750e+02
5.859070298944963895e-01 3.070528259277343750e+02
5.890486225480862092e-01 3.047958984375000000e+02
5.921902152016760290e-01 3.028343505859375000e+02
5.953318078552658488e-01 3.001753845214843750e+02
5.984734005088556685e-01 2.989501953125000000e+02
6.016149931624453773e-01 2.971329956054687500e+02
6.047565858160351970e-01 2.957145080566406250e+02
6.078981784696250168e-01 2.942354431152343750e+02
6.110397711232148366e-01 2.920692749023437500e+02
6.141813637768045453e-01 2.904562377929687500e+02
6.173229564303943651e-01 2.890689392089843750e+02
6.204645490839841848e-01 2.869495544433593750e+02
6.236061417375740046e-01 2.851625061035156250e+02
6.267477343911638243e-01 2.838264465332031250e+02
6.298893270447535331e-01 2.828877868652343750e+02
6.330309196983433528e-01 2.811390686035156250e+02
6.361725123519331726e-01 2.791831054687500000e+02
6.393141050055228813e-01 2.775503540039062500e+02
6.424556976591127011e-01 2.762033081054687500e+02
6.455972903127025209e-01 2.747669677734375000e+02
6.487388829662923406e-01 2.735912475585937500e+02
6.518804756198821604e-01 2.730275268554687500e+02
6.550220682734718691e-01 2.709201660156250000e+02
6.581636609270616889e-01 2.688169250488281250e+02
6.613052535806515086e-01 2.678009643554687500e+02
6.644468462342412174e-01 2.661380310058593750e+02
6.675884388878310371e-01 2.650523986816406250e+02
6.707300315414208569e-01 2.638923034667968750e+02
6.738716241950106767e-01 2.624213256835937500e+02
6.770132168486004964e-01 2.615979919433593750e+02
6.801548095021903162e-01 2.606813049316406250e+02
6.832964021557800249e-01 2.589582214355468750e+02
6.864379948093698447e-01 2.583510131835937500e+02
6.895795874629596645e-01 2.571865234375000000e+02
6.927211801165493732e-01 2.553339538574218750e+02
6.958627727701391930e-01 2.540657806396484375e+02
6.990043654237290127e-01 2.533997192382812500e+02
7.021459580773188325e-01 2.513460845947265625e+02
7.052875507309086522e-01 2.496389923095703125e+02
7.084291433844983610e-01 2.488386383056640625e+02
7.115707360380881807e-01 2.483911285400390625e+02
7.147123286916780005e-01 2.466356658935546875e+02
7.178539213452677092e-01 2.456261749267578125e+02
7.209955139988575290e-01 2.444324645996093750e+02
7.241371066524473488e-01 2.445189361572265625e+02
7.272786993060371685e-01 2.422835083007812500e+02
7.304202919596269883e-01 2.416851501464843750e+02
7.335618846132166970e-01 2.404747467041015625e+02
7.367034772668065168e-01 2.398152770996093750e+02
7.398450699203963365e-01 2.381700286865234375e+02
7.429866625739861563e-01 2.368749694824218750e+02
7.461282552275758650e-01 2.361004486083984375e+02
7.492698478811656848e-01 2.349054412841796875e+02
7.524114405347555046e-01 2.344053192138671875e+02
7.555530331883453243e-01 2.327528839111328125e+02
7.586946258419351441e-01 2.326406860351562500e+02
7.618362184955248528e-01 2.316394042968750000e+02
7.649778111491146726e-01 2.298399505615234375e+02
7.681194038027044924e-01 2.289111328125000000e+02
7.712609964562942011e-01 2.278893127441406250e+02
7.744025891098840209e-01 2.268914794921875000e+02
7.775441817634738406e-01 2.262603759765625000e+02
7.806857744170636604e-01 2.245183105468750000e+02
7.838273670706534801e-01 2.245977325439453125e+02
7.869689597242431889e-01 2.234893646240234375e+02
7.901105523778330086e-01 2.229235534667968750e+02
7.932521450314228284e-01 2.224308166503906250e+02
7.963937376850125371e-01 2.214646301269531250e+02
7.995353303386023569e-01 2.200219879150390625e+02
8.026769229921921767e-01 2.188858642578125000e+02
8.058185156457819964e-01 2.194075622558593750e+02
8.089601082993718162e-01 2.176391906738281250e+02
8.121017009529616359e-01 2.162891082763671875e+02
8.152432936065513447e-01 2.158613433837890625e+02
8.183848862601411644e-01 2.144568176269531250e+02
8.215264789137309842e-01 2.143730773925781250e+02
8.246680715673206929e-01 2.131703491210937500e+02
8.278096642209105127e-01 2.123583984375000000e+02
8.309512568745003325e-01 2.116227722167968750e+02
8.340928495280901522e-01 2.108372497558593750e+02
8.372344421816799720e-01 2.102382202148437500e+02
8.403760348352696807e-01 2.087265777587890625e+02
8.435176274888595005e-01 2.088517150878906250e+02
8.466592201424493203e-01 2.071524200439453125e+02
8.498008127960390290e-01 2.069842529296875000e+02
8.529424054496288488e-01 2.052678375244140625e+02
8.560839981032186685e-01 2.055366821289062500e+02
8.592255907568084883e-01 2.046473541259765625e+02
8.623671834103983080e-01 2.035014648437500000e+02
8.655087760639880168e-01 2.029734039306640625e+02
8.686503687175778365e-01 2.021870880126953125e+02
8.717919613711676563e-01 2.012208557128906250e+02
8.749335540247574761e-01 2.009579772949218750e+02
8.780751466783471848e-01 2.003982696533203125e+02
8.812167393319370046e-01 1.992467346191406250e+02
8.843583319855268243e-01 1.988664398193359375e+02
8.874999246391166441e-01 1.982610015869140625e+02
8.906415172927064638e-01 1.974209594726562500e+02
8.937831099462961726e-01 1.971352386474609375e+02
8.969247025998859923e-01 1.961253662109375000e+02
9.000662952534758121e-01 1.952496643066406250e+02
9.032078879070655208e-01 1.946019744873046875e+02
