1.570796326794896653e-03 6.309587402343750000e+03
4.712388980384689743e-03 9.651360351562500000e+03
7.853981633974483484e-03 1.118271093750000000e+04
1.099557428756427549e-02 1.331832910156250000e+04
1.413716694115407096e-02 1.543937988281250000e+04
1.727875959474386297e-02 1.715847460937500000e+04
2.042035224833365498e-02 1.485517089843750000e+04
2.356194490192345045e-02 1.343367285156250000e+04
2.670353755551324246e-02 1.235995800781250000e+04
2.984513020910303793e-02 1.147845996093750000e+04
3.298672286269282994e-02 1.113732128906250000e+04
3.612831551628262194e-02 9.448465820312500000e+03
3.926990816987241395e-02 8.979486328125000000e+03
4.241150082346220596e-02 8.491748046875000000e+03
4.555309347705200490e-02 7.533388183593750000e+03
4.869468613064179691e-02 7.008892578125000000e+03
5.183627878423158891e-02 6.677389648437500000e+03
5.497787143782138092e-02 6.729328613281250000e+03
5.811946409141117986e-02 6.290014160156250000e+03
6.126105674500097187e-02 6.175301757812500000e+03
6.440264939859076387e-02 5.993404785156250000e+03
6.754424205218055588e-02 5.792293457031250000e+03
7.068583470577034789e-02 5.476675781250000000e+03
7.382742735936013989e-02 5.203221191406250000e+03
7.696902001294993190e-02 5.070413574218750000e+03
8.011061266653972390e-02 4.743945800781250000e+03
8.325220532012952979e-02 4.486971679687500000e+03
8.639379797371932179e-02 4.269443359375000000e+03
8.953539062730911380e-02 3.972212158203125000e+03
9.267698328089890580e-02 3.736065673828125000e+03
9.581857593448869781e-02 3.512157714843750000e+03
9.896016858807848982e-02 3.337035888671875000e+03
1.021017612416682818e-01 3.127238037109375000e+03
1.052433538952580738e-01 2.938259033203125000e+03
1.083849465488478658e-01 2.920677978515625000e+03
1.115265392024376578e-01 2.769674316406250000e+03
1.146681318560274498e-01 2.787413330078125000e+03
1.178097245096172418e-01 2.672607666015625000e+03
1.209513171632070477e-01 2.606704101562500000e+03
1.240929098167968397e-01 2.514159912109375000e+03
1.272345024703866456e-01 2.466945800781250000e+03
1.303760951239764099e-01 2.434515380859375000e+03
1.335176877775662296e-01 2.369464599609375000e+03
1.366592804311559939e-01 2.268098876953125000e+03
1.398008730847458136e-01 2.232018066406250000e+03
1.429424657383355779e-01 2.107149658203125000e+03
1.460840583919253977e-01 2.065543945312500000e+03
1.492256510455151619e-01 1.945997802734375000e+03
1.523672436991049817e-01 1.888016479492187500e+03
1.555088363526947459e-01 1.813267333984375000e+03
1.586504290062845657e-01 1.774611328125000000e+03
1.617920216598743299e-01 1.681436645507812500e+03
1.649336143134641497e-01 1.633711181640625000e+03
1.680752069670539417e-01 1.589946166992187500e+03
1.712167996206437337e-01 1.541703857421875000e+03
1.743583922742335535e-01 1.509365966796875000e+03
1.774999849278233177e-01 1.469024414062500000e+03
1.806415775814131375e-01 1.443909301757812500e+03
1.837831702350029017e-01 1.440094970703125000e+03
1.869247628885927215e-01 1.385662597656250000e+03
1.900663555421824857e-01 1.374177124023437500e+03
1.932079481957723055e-01 1.372222656250000000e+03
1.963495408493620697e-01 1.313124755859375000e+03
1.994911335029518895e-01 1.289418945312500000e+03
2.026327261565416538e-01 1.256082641601562500e+03
2.057743188101314735e-01 1.215319213867187500e+03
2.089159114637212378e-01 1.186262573242187500e+03
2.120575041173110575e-01 1.159038452148437500e+03
2.151990967709008218e-01 1.136352294921875000e+03
2.183406894244906415e-01 1.115743164062500000e+03
2.214822820780804058e-01 1.080244995117187500e+03
2.246238747316702256e-01 1.073287109375000000e+03
2.277654673852599898e-01 1.044906616210937500e+03
2.309070600388498096e-01 1.015335327148437500e+03
2.340486526924396016e-01 1.003991210937500000e+03
2.371902453460293936e-01 9.732025146484375000e+02
2.403318379996192133e-01 9.622901611328125000e+02
2.434734306532089776e-01 9.474435424804687500e+02
2.466150233067987974e-01 9.323051757812500000e+02
2.497566159603885616e-01 9.143320922851562500e+02
2.528982086139783814e-01 9.092694702148437500e+02
2.560398012675681456e-01 8.891726684570312500e+02
2.591813939211579099e-01 8.782069091796875000e+02
2.623229865747477296e-01 8.541254882812500000e+02
2.654645792283375494e-01 8.465366210937500000e+02
2.686061718819273136e-01 8.298061523437500000e+02
2.717477645355171334e-01 8.101904296875000000e+02
2.748893571891068976e-01 7.999086303710937500e+02
2.780309498426967174e-01 7.901780395507812500e+02
2.811725424962865372e-01 7.786044311523437500e+02
2.843141351498763014e-01 7.664913330078125000e+02
2.874557278034660657e-01 7.572348022460937500e+02
2.905973204570558854e-01 7.425289916992187500e+02
2.937389131106457052e-01 7.315890502929687500e+02
2.968805057642354694e-01 7.208385620117187500e+02
3.000220984178252337e-01 7.075109863281250000e+02
3.031636910714150535e-01 6.946513061523437500e+02
3.063052837250048732e-01 6.883866577148437500e+02
3.094468763785946375e-01 6.801198120117187500e+02
3.125884690321844017e-01 6.714007568359375000e+02
3.157300616857742215e-01 6.607220458984375000e+02
3.188716543393640412e-01 6.529090576171875000e+02
3.220132469929538055e-01 6.482424316406250000e+02
3.251548396465435697e-01 6.401178588867187500e+02
3.282964323001333895e-01 6.289755859375000000e+02
3.314380249537232093e-01 6.207290039062500000e+02
3.345796176073129735e-01 6.127012329101562500e+02
3.377212102609027933e-01 6.038421630859375000e+02
3.408628029144925575e-01 5.994101562500000000e+02
3.440043955680823773e-01 5.918083496093750000e+02
3.471459882216721970e-01 5.821028442382812500e+02
3.502875808752619613e-01 5.760033569335937500e+02
3.534291735288517255e-01 5.658084716796875000e+02
3.565707661824415453e-01 5.605834350585937500e+02
3.597123588360313651e-01 5.564331054687500000e+02
3.628539514896211293e-01 5.498250732421875000e+02
3.659955441432108936e-01 5.443447265625000000e+02
3.691371367968007133e-01 5.374708862304687500e+02
3.722787294503905331e-01 5.321533203125000000e+02
3.754203221039802973e-01 5.257152709960937500e+02
3.785619147575700616e-01 5.204530639648437500e+02
3.817035074111598814e-01 5.169929199218750000e+02
3.848451000647497011e-01 5.073773498535156250e+02
3.879866927183394654e-01 5.037500610351562500e+02
3.911282853719292296e-01 4.986431579589843750e+02
3.942698780255190494e-01 4.970122375488281250e+02
3.974114706791088691e-01 4.878633117675781250e+02
4.005530633326986334e-01 4.856388549804687500e+02
4.036946559862884532e-01 4.774187927246093750e+02
4.068362486398782174e-01 4.737931213378906250e+02
4.099778412934680372e-01 4.721804504394531250e+02
4.131194339470578569e-01 4.647593078613281250e+02
4.162610266006476212e-01 4.617886962890625000e+02
4.194026192542373854e-01 4.561121215820312500e+02
4.225442119078272052e-01 4.512500915527343750e+02
4.256858045614170249e-01 4.463961486816406250e+02
4.288273972150067892e-01 4.440324707031250000e+02
4.319689898685965534e-01 4.394359130859375000e+02
4.351105825221863732e-01 4.333385314941406250e+02
4.382521751757761930e-01 4.301501770019531250e+02
4.413937678293659572e-01 4.285834655761718750e+02
4.445353604829557215e-01 4.239870910644531250e+02
4.476769531365455412e-01 4.182088928222656250e+02
4.508185457901353610e-01 4.160082092285156250e+02
4.539601384437251252e-01 4.149938964843750000e+02
4.571017310973148895e-01 4.105069274902343750e+02
4.602433237509047093e-01 4.063658142089843750e+02
4.633849164044945290e-01 4.033077087402343750e+02
4.665265090580842933e-01 3.988404235839843750e+02
4.696681017116741130e-01 3.954920349121093750e+02
4.728096943652638773e-01 3.937266235351562500e+02
4.759512870188536970e-01 3.908691711425781250e+02
4.790928796724435168e-01 3.883170776367187500e+02
4.822344723260332811e-01 3.832652893066406250e+02
4.853760649796230453e-01 3.803352050781250000e+02
4.885176576332128651e-01 3.782172546386718750e+02
4.916592502868026848e-01 3.765961608886718750e+02
4.948008429403924491e-01 3.724895324707031250e+02
4.979424355939822133e-01 3.693074340820312500e+02
5.010840282475720331e-01 3.663805541992187500e+02
5.042256209011618528e-01 3.634981689453125000e+02
5.073672135547515616e-01 3.602413940429687500e+02
5.105088062083413813e-01 3.592671813964843750e+02
5.136503988619312011e-01 3.554557800292968750e+02
5.167919915155210209e-01 3.546222229003906250e+02
5.199335841691108406e-01 3.509552612304687500e+02
5.230751768227005494e-01 3.491193237304687500e+02
5.262167694762903691e-01 3.459330444335937500e+02
5.293583621298801889e-01 3.453403625488281250e+02
5.324999547834698976e-01 3.423102111816406250e+02
5.356415474370597174e-01 3.378814086914062500e+02
5.387831400906495372e-01 3.366819458007812500e+02
5.419247327442393569e-01 3.353910522460937500e+02
5.450663253978291767e-01 3.320145568847656250e+02
5.482079180514189964e-01 3.295033264160156250e+02
5.513495107050087052e-01 3.277293395996093750e+02
5.544911033585985249e-01 3.245958862304687500e+02
5.576326960121883447e-01 3.244841613769531250e+02
5.607742886657780534e-01 3.229254455566406250e+02
5.639158813193678732e-01 3.195695495605468750e+02
5.670574739729576930e-01 3.175447998046875000e+02
5.701990666265475127e-01 3.160319213867187500e+02
5.733406592801373325e-01 3.144371032714843750e+02
5.764822519337270412e-01 3.115177001953125000e+02
5.796238445873168610e-01 3.098043212890625000e+02
5.827654372409066807e-01 3.074830017089843750e+02
5.859070298944963895e-01 3.058174743652343750e+02
5.890486225480862092e-01 3.055231323242187500e+02
5.921902152016760290e-01 3.030240783691406250e+02
5.953318078552658488e-01 3.008847656250000000e+02
5.984734005088556685e-01 2.996127929687500000e+02
6.016149931624453773e-01 2.975559082031250000e+02
6.047565858160351970e-01 2.958976745605468750e+02
6.078981784696250168e-01 2.947304687500000000e+02
6.110397711232148366e-01 2.923576965332031250e+02
6.141813637768045453e-01 2.905084228515625000e+02
6.173229564303943651e-01 2.894374694824218750e+02
6.204645490839841848e-01 2.879889831542968750e+02
6.236061417375740046e-01 2.859721679687500000e+02
6.267477343911638243e-01 2.838555908203125000e+02
6.298893270447535331e-01 2.823763122558593750e+02
6.330309196983433528e-01 2.822785034179687500e+02
6.361725123519331726e-01 2.800296325683593750e+02
6.393141050055228813e-01 2.783650512695312500e+02
6.424556976591127011e-01 2.777700805664062500e+02
6.455972903127025209e-01 2.761888732910156250e+02
6.487388829662923406e-01 2.741856384277343750e+02
6.518804756198821604e-01 2.734418334960937500e+02
6.550220682734718691e-01 2.708840637207031250e+02
6.581636609270616889e-01 2.691734924316406250e+02
6.613052535806515086e-01 2.680128479003906250e+02
6.644468462342412174e-01 2.667947998046875000e+02
6.675884388878310371e-01 2.653274841308593750e+02
6.707300315414208569e-01 2.638186340332031250e+02
6.738716241950106767e-01 2.632723083496093750e+02
6.770132168486004964e-01 2.616852416992187500e+02
6.801548095021903162e-01 2.605019836425781250e+02
6.832964021557800249e-01 2.599272155761718750e+02
6.864379948093698447e-01 2.587121276855468750e+02
6.895795874629596645e-01 2.563847351074218750e+02
6.927211801165493732e-01 2.557509918212890625e+02
6.958627727701391930e-01 2.536446228027343750e+02
6.990043654237290127e-01 2.521765594482421875e+02
7.021459580773188325e-01 2.521548461914062500e+02
7.052875507309086522e-01 2.507518920898437500e+02
7.084291433844983610e-01 2.497445983886718750e+02
7.115707360380881807e-01 2.487473907470703125e+02
7.147123286916780005e-01 2.478114929199218750e+02
7.178539213452677092e-01 2.462292327880859375e+02
7.209955139988575290e-01 2.447612457275390625e+02
7.241371066524473488e-01 2.435755615234375000e+02
7.272786993060371685e-01 2.429460449218750000e+02
7.304202919596269883e-01 2.407589111328125000e+02
7.335618846132166970e-01 2.402394409179687500e+02
7.367034772668065168e-01 2.406449432373046875e+02
7.398450699203963365e-01 2.385581054687500000e+02
7.429866625739861563e-01 2.375048522949218750e+02
7.461282552275758650e-01 2.368158111572265625e+02
7.492698478811656848e-01 2.357313842773437500e+02
7.524114405347555046e-01 2.343293151855468750e+02
7.555530331883453243e-01 2.336174926757812500e+02
7.586946258419351441e-01 2.321931610107421875e+02
7.618362184955248528e-01 2.314046325683593750e+02
7.649778111491146726e-01 2.303269500732421875e+02
7.681194038027044924e-01 2.290946502685546875e+02
7.712609964562942011e-01 2.282423400878906250e+02
7.744025891098840209e-01 2.281400756835937500e+02
7.775441817634738406e-01 2.261010437011718750e+02
7.806857744170636604e-01 2.245942382812500000e+02
7.838273670706534801e-01 2.249043273925781250e+02
7.869689597242431889e-01 2.236598663330078125e+02
7.901105523778330086e-01 2.230050659179687500e+02
7.932521450314228284e-01 2.226157836914062500e+02
7.963937376850125371e-01 2.210543670654296875e+02
7.995353303386023569e-01 2.201051788330078125e+02
8.026769229921921767e-01 2.192054290771484375e+02
8.058185156457819964e-01 2.188868713378906250e+02
8.089601082993718162e-01 2.179778594970703125e+02
8.121017009529616359e-01 2.171119232177734375e+02
8.152432936065513447e-01 2.161645507812500000e+02
8.183848862601411644e-01 2.151267700195312500e+02
8.215264789137309842e-01 2.143376922607421875e+02
8.246680715673206929e-01 2.134716033935546875e+02
8.278096642209105127e-01 2.126574554443359375e+02
8.309512568745003325e-01 2.123332824707031250e+02
8.340928495280901522e-01 2.109340057373046875e+02
8.372344421816799720e-01 2.106320800781250000e+02
8.403760348352696807e-01 2.097842102050781250e+02
8.435176274888595005e-01 2.084232635498046875e+02
8.466592201424493203e-01 2.084537963867187500e+02
8.498008127960390290e-01 2.070461578369140625e+02
8.529424054496288488e-01 2.065621948242187500e+02
8.560839981032186685e-01 2.059205169677734375e+02
8.592255907568084883e-01 2.053333282470703125e+02
8.623671834103983080e-01 2.041062927246093750e+02
8.655087760639880168e-01 2.033596038818359375e+02
8.686503687175778365e-01 2.020056915283203125e+02
8.717919613711676563e-01 2.014633331298828125e+02
8.749335540247574761e-01 2.015971679687500000e+02
8.780751466783471848e-01 2.003966979980468750e+02
8.812167393319370046e-01 1.994657440185546875e+02
8.843583319855268243e-01 1.992665710449218750e+02
8.874999246391166441e-01 1.985230865478515625e+02
8.906415172927064638e-01 1.978133087158203125e+02
8.937831099462961726e-01 1.965791931152343750e+02
8.969247025998859923e-01 1.964314270019531250e+02
9.000662952534758121e-01 1.954327239990234375e+02
9.032078879070655208e-01 1.951821746826171875e+02
