4.712388980384689743e-03 1.193126349706587098e+04
7.853981633974483484e-03 1.659192167412260824e+04
1.099557428756427549e-02 1.890807362360142724e+04
1.413716694115407096e-02 2.036824616932526988e+04
1.727875959474386297e-02 2.036829905088402302e+04
2.042035224833365498e-02 1.999565048422327891e+04
2.356194490192345045e-02 1.907730378274566101e+04
2.670353755551324246e-02 1.777127836119088897e+04
2.984513020910303793e-02 1.646655721992765757e+04
3.298672286269282994e-02 1.523541074798578666e+04
3.612831551628262194e-02 1.390488228720009283e+04
3.926990816987241395e-02 1.288668953290064383e+04
4.241150082346220596e-02 1.193944210257407576e+04
4.555309347705200490e-02 1.118776896316390776e+04
4.869468613064179691e-02 1.054039209436316014e+04
5.183627878423158891e-02 1.005655226371694698e+04
5.497787143782138092e-02 9.600847314146776625e+03
5.811946409141117986e-02 9.207880216295989158e+03
6.126105674500097187e-02 8.864177612208604842e+03
6.440264939859076387e-02 8.629550438139965991e+03
6.754424205218055588e-02 8.270000857325740071e+03
7.068583470577034789e-02 7.946665757988911537e+03
7.382742735936013989e-02 7.615613999528439308e+03
7.696902001294993190e-02 7.259842035060079979e+03
8.011061266653972390e-02 6.839911680147436527e+03
8.325220532012952979e-02 6.452871458549847375e+03
8.639379797371932179e-02 6.065445352341201215e+03
8.953539062730911380e-02 5.718318496352357215e+03
9.267698328089890580e-02 5.382170924765018754e+03
9.581857593448869781e-02 5.071158917018700777e+03
9.896016858807848982e-02 4.817016602605247499e+03
1.021017612416682818e-01 4.588145295322849961e+03
1.052433538952580738e-01 4.384329830448748908e+03
1.083849465488478658e-01 4.241630963239036646e+03
1.115265392024376578e-01 4.099933732041768963e+03
1.146681318560274498e-01 4.002833566368986340e+03
1.178097245096172418e-01 3.881084348784635040e+03
1.209513171632070477e-01 3.794735069214137184e+03
1.240929098167968397e-01 3.720368598140281392e+03
1.272345024703866456e-01 3.644525954576259664e+03
1.303760951239764099e-01 3.532013777734342966e+03
1.335176877775662296e-01 3.432071352930209741e+03
1.366592804311559939e-01 3.327458260599676578e+03
1.398008730847458136e-01 3.214040921910740963e+03
1.429424657383355779e-01 3.090785127320663378e+03
1.460840583919253977e-01 2.985729708042736092e+03
1.492256510455151619e-01 2.875575151879514578e+03
1.523672436991049817e-01 2.746860837895843360e+03
1.555088363526947459e-01 2.665927697861217439e+03
1.586504290062845657e-01 2.567458388742508760e+03
1.617920216598743299e-01 2.491135332490694509e+03
1.649336143134641497e-01 2.419647192958652795e+03
1.680752069670539417e-01 2.342330085253861398e+03
1.712167996206437337e-01 2.284469346133902945e+03
1.743583922742335535e-01 2.231606886433532509e+03
1.774999849278233177e-01 2.185477693919161993e+03
1.806415775814131375e-01 2.153200801822486937e+03
1.837831702350029017e-01 2.096813628252041326e+03
1.869247628885927215e-01 2.068116369443231633e+03
1.900663555421824857e-01 2.030689176708759760e+03
1.932079481957723055e-01 1.991214968059828607e+03
1.963495408493620697e-01 1.942719535304298915e+03
1.994911335029518895e-01 1.915102934209807017e+03
2.026327261565416538e-01 1.868305657052067318e+03
2.057743188101314735e-01 1.819114844314254242e+03
2.089159114637212378e-01 1.771000161635751965e+03
2.120575041173110575e-01 1.734954710972574503e+03
2.151990967709008218e-01 1.695790764044427760e+03
2.183406894244906415e-01 1.647416322114504283e+03
2.214822820780804058e-01 1.624501048914969488e+03
2.246238747316702256e-01 1.576019475762360798e+03
2.277654673852599898e-01 1.548567988000272862e+03
2.309070600388498096e-01 1.516323390027793494e+03
2.340486526924396016e-01 1.489909086938333758e+03
2.371902453460293936e-01 1.458618839472494074e+03
2.403318379996192133e-01 1.433167102882881409e+03
2.434734306532089776e-01 1.422285499195829516e+03
2.466150233067987974e-01 1.387916090450977663e+03
2.497566159603885616e-01 1.376125162515010288e+03
2.528982086139783814e-01 1.358771410940504438e+03
2.560398012675681456e-01 1.322751385564174825e+03
2.591813939211579099e-01 1.305209452084038048e+03
2.623229865747477296e-01 1.279159889631289616e+03
2.654645792283375494e-01 1.266533416777009279e+03
2.686061718819273136e-01 1.247748151646529323e+03
2.717477645355171334e-01 1.226293202197325400e+03
2.748893571891068976e-01 1.209142901449306692e+03
2.780309498426967174e-01 1.183054798644592893e+03
2.811725424962865372e-01 1.160486460447121999e+03
2.843141351498763014e-01 1.149425219306171130e+03
2.874557278034660657e-01 1.136091571768026370e+03
2.905973204570558854e-01 1.115224933093751361e+03
2.937389131106457052e-01 1.097456177661390939e+03
2.968805057642354694e-01 1.080188256054829935e+03
3.000220984178252337e-01 1.068260230739376311e+03
3.031636910714150535e-01 1.052657394035210245e+03
3.063052837250048732e-01 1.039851101145582788e+03
3.094468763785946375e-01 1.023906858354180713e+03
3.125884690321844017e-01 1.009518471644977694e+03
3.157300616857742215e-01 9.974261813392116665e+02
3.188716543393640412e-01 9.848376717101326676e+02
3.220132469929538055e-01 9.707757794027961609e+02
3.251548396465435697e-01 9.594449573026950020e+02
3.282964323001333895e-01 9.497997072741575266e+02
3.314380249537232093e-01 9.367756699514611682e+02
3.345796176073129735e-01 9.271422545240759518e+02
3.377212102609027933e-01 9.117966613174428403e+02
3.408628029144925575e-01 9.070519500797304318e+02
3.440043955680823773e-01 8.905416220081056053e+02
3.471459882216721970e-01 8.813443021271424413e+02
3.502875808752619613e-01 8.731445009674418998e+02
3.534291735288517255e-01 8.634565539814780095e+02
3.565707661824415453e-01 8.539938706559452157e+02
3.597123588360313651e-01 8.438352214368926525e+02
3.628539514896211293e-01 8.326964562644337775e+02
3.659955441432108936e-01 8.199254131851556622e+02
3.691371367968007133e-01 8.167282010830590480e+02
3.722787294503905331e-01 8.037060382295298950e+02
3.754203221039802973e-01 7.966741410099995164e+02
3.785619147575700616e-01 7.922211085413764522e+02
3.817035074111598814e-01 7.817677710948239564e+02
3.848451000647497011e-01 7.743212193729397086e+02
3.879866927183394654e-01 7.644119990705049759e+02
3.911282853719292296e-01 7.550564083299857430e+02
3.942698780255190494e-01 7.500880658886089805e+02
3.974114706791088691e-01 7.444332597837943695e+02
4.005530633326986334e-01 7.334610383394458495e+02
4.036946559862884532e-01 7.291382907286340469e+02
4.068362486398782174e-01 7.248132758911330029e+02
4.099778412934680372e-01 7.154039003939877830e+02
4.131194339470578569e-01 7.089107431849710110e+02
4.162610266006476212e-01 7.034424064469294535e+02
4.194026192542373854e-01 6.969689656984123758e+02
4.225442119078272052e-01 6.917820552583675635e+02
4.256858045614170249e-01 6.818239401050933566e+02
4.288273972150067892e-01 6.776284198248069970e+02
4.319689898685965534e-01 6.739821053526108017e+02
4.351105825221863732e-01 6.649090287005557229e+02
4.382521751757761930e-01 6.628307919089157849e+02
4.413937678293659572e-01 6.544227550630863561e+02
4.445353604829557215e-01 6.472679732784737325e+02
4.476769531365455412e-01 6.455532657547026929e+02
4.508185457901353610e-01 6.397777305082170187e+02
4.539601384437251252e-01 6.344946181585183922e+02
4.571017310973148895e-01 6.276713280881238006e+02
4.602433237509047093e-01 6.231290115056933701e+02
4.633849164044945290e-01 6.177860011459013094e+02
4.665265090580842933e-01 6.143852973263487911e+02
4.696681017116741130e-01 6.084494293100626692e+02
4.728096943652638773e-01 6.035954123639985482e+02
4.759512870188536970e-01 6.010814475005681743e+02
4.790928796724435168e-01 5.957492443500725585e+02
4.822344723260332811e-01 5.895780980838671894e+02
4.853760649796230453e-01 5.842904566506134643e+02
4.885176576332128651e-01 5.801559195490806360e+02
4.916592502868026848e-01 5.777191491414693019e+02
4.948008429403924491e-01 5.716781565352707730e+02
4.979424355939822133e-01 5.692184418901920253e+02
5.010840282475720331e-01 5.634584945737891530e+02
5.042256209011618528e-01 5.600481877121849266e+02
5.073672135547515616e-01 5.581807762547116454e+02
5.105088062083413813e-01 5.556848205228342295e+02
5.136503988619312011e-01 5.505253639578725142e+02
5.167919915155210209e-01 5.454034885215199893e+02
5.199335841691108406e-01 5.424250188293211750e+02
5.230751768227005494e-01 5.379148767004382989e+02
5.262167694762903691e-01 5.332521365629881984e+02
5.293583621298801889e-01 5.341329810722991169e+02
5.324999547834698976e-01 5.295939681454624406e+02
5.356415474370597174e-01 5.242837448414073833e+02
5.387831400906495372e-01 5.217940652621869049e+02
5.419247327442393569e-01 5.193715092034152576e+02
5.450663253978291767e-01 5.128858681339994519e+02
5.482079180514189964e-01 5.114966935024720556e+02
5.513495107050087052e-01 5.068884767290591071e+02
5.544911033585985249e-01 5.046385113545005083e+02
5.576326960121883447e-01 5.039450830210340655e+02
5.607742886657780534e-01 5.003485448591262070e+02
5.639158813193678732e-01 4.963653526638546509e+02
5.670574739729576930e-01 4.922250418238750740e+02
5.701990666265475127e-01 4.892329084611284884e+02
5.733406592801373325e-01 4.874662318237360523e+02
5.764822519337270412e-01 4.857309287317364124e+02
5.796238445873168610e-01 4.808636409224516228e+02
5.827654372409066807e-01 4.781004465316667051e+02
5.859070298944963895e-01 4.736818987616518370e+02
5.890486225480862092e-01 4.712861646958466508e+02
5.921902152016760290e-01 4.701814719733578727e+02
5.953318078552658488e-01 4.672612880639344439e+02
5.984734005088556685e-01 4.661841052869868349e+02
6.016149931624453773e-01 4.626597081757290653e+02
6.047565858160351970e-01 4.629323154492601589e+02
6.078981784696250168e-01 4.584458728395790672e+02
6.110397711232148366e-01 4.550095753767269571e+02
6.141813637768045453e-01 4.539312343957195139e+02
6.173229564303943651e-01 4.510928361109633329e+02
6.204645490839841848e-01 4.501197287544774213e+02
6.236061417375740046e-01 4.466332800244347254e+02
6.267477343911638243e-01 4.436342791154560246e+02
6.298893270447535331e-01 4.403177315655213988e+02
6.330309196983433528e-01 4.378499593858831531e+02
6.361725123519331726e-01 4.374724537601386487e+02
6.393141050055228813e-01 4.363335316291890535e+02
6.424556976591127011e-01 4.324383503812310323e+02
6.455972903127025209e-01 4.302040811219294483e+02
6.487388829662923406e-01 4.291598143036982833e+02
6.518804756198821604e-01 4.252905060053467423e+02
6.550220682734718691e-01 4.247108489891184604e+02
6.581636609270616889e-01 4.215869413941315429e+02
6.613052535806515086e-01 4.198152294927649564e+02
6.644468462342412174e-01 4.194696053049767670e+02
6.675884388878310371e-01 4.151616725535672572e+02
6.707300315414208569e-01 4.144107748980629822e+02
6.738716241950106767e-01 4.112847466569134554e+02
6.770132168486004964e-01 4.106957083113539966e+02
6.801548095021903162e-01 4.094753800208012535e+02
6.832964021557800249e-01 4.059294382590837245e+02
6.864379948093698447e-01 4.057574312250142725e+02
6.895795874629596645e-01 4.037470425760607782e+02
6.927211801165493732e-01 4.016112156359104119e+02
6.958627727701391930e-01 3.984526080472988951e+02
6.990043654237290127e-01 3.972716662854181209e+02
7.021459580773188325e-01 3.954618971135066658e+02
7.052875507309086522e-01 3.938650110578274735e+02
7.084291433844983610e-01 3.927586285671791870e+02
7.115707360380881807e-01 3.904810171981467306e+02
7.147123286916780005e-01 3.889300871367502168e+02
7.178539213452677092e-01 3.873649343472873738e+02
7.209955139988575290e-01 3.855338607132587754e+02
7.241371066524473488e-01 3.844643144937307397e+02
7.272786993060371685e-01 3.822505151018492597e+02
7.304202919596269883e-01 3.813967530088904141e+02
7.335618846132166970e-01 3.778152069436963529e+02
7.367034772668065168e-01 3.778060391447128836e+02
7.398450699203963365e-01 3.750673943099320695e+02
7.429866625739861563e-01 3.744480510874426500e+02
7.461282552275758650e-01 3.727367064971579680e+02
7.492698478811656848e-01 3.720168894938755102e+02
7.524114405347555046e-01 3.697050094905389983e+02
7.555530331883453243e-01 3.684860836597449634e+02
7.586946258419351441e-01 3.674266695985464821e+02
7.618362184955248528e-01 3.648345612030826146e+02
7.649778111491146726e-01 3.626260756966186136e+02
7.681194038027044924e-01 3.623643626390943382e+02
7.712609964562942011e-01 3.605680809632331147e+02
7.744025891098840209e-01 3.588073215492941586e+02
7.775441817634738406e-01 3.573118176745041410e+02
7.806857744170636604e-01 3.559515462507331449e+02
7.838273670706534801e-01 3.547376306593620257e+02
7.869689597242431889e-01 3.537323317487088730e+02
7.901105523778330086e-01 3.533005251926609844e+02
7.932521450314228284e-01 3.513348537405130969e+02
7.963937376850125371e-01 3.493810585245508378e+02
7.995353303386023569e-01 3.488664341534843061e+02
8.026769229921921767e-01 3.476884515068132941e+02
8.058185156457819964e-01 3.462739070475782341e+02
8.089601082993718162e-01 3.454075276205421119e+02
8.121017009529616359e-01 3.434439180794458366e+02
8.152432936065513447e-01 3.422275191903215728e+02
8.183848862601411644e-01 3.428831860133813052e+02
8.215264789137309842e-01 3.396795414429308266e+02
8.246680715673206929e-01 3.386773224558578477e+02
8.278096642209105127e-01 3.384786430675861766e+02
8.309512568745003325e-01 3.361923207805320430e+02
8.340928495280901522e-01 3.347511110011525375e+02
8.372344421816799720e-01 3.340513552842996887e+02
8.403760348352696807e-01 3.318920550383874684e+02
8.435176274888595005e-01 3.308918895848825059e+02
8.466592201424493203e-01 3.303390198798782649e+02
8.498008127960390290e-01 3.297697861762974867e+02
8.529424054496288488e-01 3.284238577275634725e+02
8.560839981032186685e-01 3.272854395427287955e+02
8.592255907568084883e-01 3.258539573750000500e+02
8.623671834103983080e-01 3.250059490735896475e+02
8.655087760639880168e-01 3.241685084506702879e+02
8.686503687175778365e-01 3.228293210207986590e+02
8.717919613711676563e-01 3.204542699219906581e+02
8.749335540247574761e-01 3.207107920011280271e+02
8.780751466783471848e-01 3.201500239172456190e+02
8.812167393319370046e-01 3.195341906119800797e+02
8.843583319855268243e-01 3.177074511106803243e+02
8.874999246391166441e-01 3.163584895089173870e+02
8.906415172927064638e-01 3.156006792324510002e+02
8.937831099462961726e-01 3.146975596023807498e+02
8.969247025998859923e-01 3.140189225350490574e+02
9.000662952534758121e-01 3.116294048448714875e+02
9.032078879070655208e-01 3.113863195917045914e+02
