1.570796326794896653e-03 1.106565527343750000e+04
4.712388980384689743e-03 8.254658203125000000e+03
7.853981633974483484e-03 1.848852148437500000e+04
1.099557428756427549e-02 1.771908984375000000e+04
1.413716694115407096e-02 2.172066992187500000e+04
1.727875959474386297e-02 1.995621679687500000e+04
2.042035224833365498e-02 1.943211718750000000e+04
2.356194490192345045e-02 2.081531445312500000e+04
2.670353755551324246e-02 1.727876757812500000e+04
2.984513020910303793e-02 1.597486328125000000e+04
3.298672286269282994e-02 1.530062792968750000e+04
3.612831551628262194e-02 1.312391503906250000e+04
3.926990816987241395e-02 1.335472070312500000e+04
4.241150082346220596e-02 1.206845800781250000e+04
4.555309347705200490e-02 1.149432421875000000e+04
4.869468613064179691e-02 1.079479492187500000e+04
5.183627878423158891e-02 1.038294824218750000e+04
5.497787143782138092e-02 9.694493164062500000e+03
5.811946409141117986e-02 9.067735351562500000e+03
6.126105674500097187e-02 8.498705078125000000e+03
6.440264939859076387e-02 8.876486328125000000e+03
6.754424205218055588e-02 8.174187988281250000e+03
7.068583470577034789e-02 7.823187988281250000e+03
7.382742735936013989e-02 7.708166992187500000e+03
7.696902001294993190e-02 7.412376464843750000e+03
8.011061266653972390e-02 6.836516601562500000e+03
8.325220532012952979e-02 6.390383300781250000e+03
8.639379797371932179e-02 6.076635742187500000e+03
8.953539062730911380e-02 5.815550292968750000e+03
9.267698328089890580e-02 5.428092773437500000e+03
9.581857593448869781e-02 5.052770507812500000e+03
9.896016858807848982e-02 4.845169433593750000e+03
1.021017612416682818e-01 4.639381835937500000e+03
1.052433538952580738e-01 4.376312011718750000e+03
1.083849465488478658e-01 4.267013183593750000e+03
1.115265392024376578e-01 4.111731445312500000e+03
1.146681318560274498e-01 4.048735351562500000e+03
1.178097245096172418e-01 3.845227539062500000e+03
1.209513171632070477e-01 3.790382568359375000e+03
1.240929098167968397e-01 3.730288085937500000e+03
1.272345024703866456e-01 3.687319335937500000e+03
1.303760951239764099e-01 3.536586914062500000e+03
1.335176877775662296e-01 3.461176025390625000e+03
1.366592804311559939e-01 3.309378906250000000e+03
1.398008730847458136e-01 3.222103515625000000e+03
1.429424657383355779e-01 3.093604003906250000e+03
1.460840583919253977e-01 3.000114746093750000e+03
1.492256510455151619e-01 2.887168945312500000e+03
1.523672436991049817e-01 2.720290771484375000e+03
1.555088363526947459e-01 2.677201904296875000e+03
1.586504290062845657e-01 2.563063964843750000e+03
1.617920216598743299e-01 2.517155517578125000e+03
1.649336143134641497e-01 2.440754638671875000e+03
1.680752069670539417e-01 2.341690917968750000e+03
1.712167996206437337e-01 2.282129150390625000e+03
1.743583922742335535e-01 2.230551269531250000e+03
1.774999849278233177e-01 2.181617187500000000e+03
1.806415775814131375e-01 2.161379150390625000e+03
1.837831702350029017e-01 2.089985839843750000e+03
1.869247628885927215e-01 2.064792968750000000e+03
1.900663555421824857e-01 2.034685668945312500e+03
1.932079481957723055e-01 2.001692993164062500e+03
1.963495408493620697e-01 1.943506103515625000e+03
1.994911335029518895e-01 1.931794433593750000e+03
2.026327261565416538e-01 1.869580566406250000e+03
2.057743188101314735e-01 1.823122558593750000e+03
2.089159114637212378e-01 1.768797973632812500e+03
2.120575041173110575e-01 1.743117187500000000e+03
2.151990967709008218e-01 1.702924316406250000e+03
2.183406894244906415e-01 1.640465942382812500e+03
2.214822820780804058e-01 1.634607177734375000e+03
2.246238747316702256e-01 1.571714965820312500e+03
2.277654673852599898e-01 1.553007812500000000e+03
2.309070600388498096e-01 1.517837402343750000e+03
2.340486526924396016e-01 1.488171020507812500e+03
2.371902453460293936e-01 1.457455810546875000e+03
2.403318379996192133e-01 1.430883666992187500e+03
2.434734306532089776e-01 1.434564453125000000e+03
2.466150233067987974e-01 1.380589599609375000e+03
2.497566159603885616e-01 1.382108764648437500e+03
2.528982086139783814e-01 1.367846435546875000e+03
2.560398012675681456e-01 1.318906616210937500e+03
2.591813939211579099e-01 1.302429321289062500e+03
2.623229865747477296e-01 1.272308837890625000e+03
2.654645792283375494e-01 1.268601562500000000e+03
2.686061718819273136e-01 1.250991943359375000e+03
2.717477645355171334e-01 1.229355712890625000e+03
2.748893571891068976e-01 1.213604614257812500e+03
2.780309498426967174e-01 1.181354858398437500e+03
2.811725424962865372e-01 1.158369873046875000e+03
2.843141351498763014e-01 1.148808959960937500e+03
2.874557278034660657e-01 1.140062622070312500e+03
2.905973204570558854e-01 1.116703125000000000e+03
2.937389131106457052e-01 1.097446044921875000e+03
2.968805057642354694e-01 1.080350097656250000e+03
3.000220984178252337e-01 1.069363769531250000e+03
3.031636910714150535e-01 1.053295532226562500e+03
3.063052837250048732e-01 1.041629516601562500e+03
3.094468763785946375e-01 1.023484375000000000e+03
3.125884690321844017e-01 1.008321960449218750e+03
3.157300616857742215e-01 9.991461181640625000e+02
3.188716543393640412e-01 9.845787353515625000e+02
3.220132469929538055e-01 9.705445556640625000e+02
3.251548396465435697e-01 9.592785034179687500e+02
3.282964323001333895e-01 9.501967163085937500e+02
3.314380249537232093e-01 9.368519287109375000e+02
3.345796176073129735e-01 9.290787963867187500e+02
3.377212102609027933e-01 9.114101562500000000e+02
3.408628029144925575e-01 9.095036010742187500e+02
3.440043955680823773e-01 8.908336791992187500e+02
3.471459882216721970e-01 8.812827758789062500e+02
3.502875808752619613e-01 8.734230346679687500e+02
3.534291735288517255e-01 8.649523925781250000e+02
3.565707661824415453e-01 8.550664062500000000e+02
3.597123588360313651e-01 8.450347900390625000e+02
3.628539514896211293e-01 8.330729980468750000e+02
3.659955441432108936e-01 8.183032226562500000e+02
3.691371367968007133e-01 8.177307739257812500e+02
3.722787294503905331e-01 8.024428100585937500e+02
3.754203221039802973e-01 7.959553833007812500e+02
3.785619147575700616e-01 7.935181274414062500e+02
3.817035074111598814e-01 7.818964843750000000e+02
3.848451000647497011e-01 7.749355468750000000e+02
3.879866927183394654e-01 7.636134643554687500e+02
3.911282853719292296e-01 7.544645996093750000e+02
3.942698780255190494e-01 7.502628784179687500e+02
3.974114706791088691e-01 7.443741455078125000e+02
4.005530633326986334e-01 7.327270507812500000e+02
4.036946559862884532e-01 7.294619140625000000e+02
4.068362486398782174e-01 7.256011962890625000e+02
4.099778412934680372e-01 7.151718750000000000e+02
4.131194339470578569e-01 7.091303100585937500e+02
4.162610266006476212e-01 7.043056640625000000e+02
4.194026192542373854e-01 6.980566406250000000e+02
4.225442119078272052e-01 6.920663452148437500e+02
4.256858045614170249e-01 6.813068847656250000e+02
4.288273972150067892e-01 6.780134887695312500e+02
4.319689898685965534e-01 6.748181152343750000e+02
4.351105825221863732e-01 6.650524291992187500e+02
4.382521751757761930e-01 6.631948852539062500e+02
4.413937678293659572e-01 6.547131347656250000e+02
4.445353604829557215e-01 6.475137329101562500e+02
4.476769531365455412e-01 6.459099731445312500e+02
4.508185457901353610e-01 6.401585693359375000e+02
4.539601384437251252e-01 6.351721801757812500e+02
4.571017310973148895e-01 6.281137695312500000e+02
4.602433237509047093e-01 6.232509155273437500e+02
4.633849164044945290e-01 6.178522949218750000e+02
4.665265090580842933e-01 6.146605224609375000e+02
4.696681017116741130e-01 6.084605712890625000e+02
4.728096943652638773e-01 6.037280883789062500e+02
4.759512870188536970e-01 6.013722534179687500e+02
4.790928796724435168e-01 5.960413208007812500e+02
4.822344723260332811e-01 5.894027099609375000e+02
4.853760649796230453e-01 5.840057373046875000e+02
4.885176576332128651e-01 5.800679931640625000e+02
4.916592502868026848e-01 5.779822998046875000e+02
4.948008429403924491e-01 5.715404663085937500e+02
4.979424355939822133e-01 5.694301147460937500e+02
5.010840282475720331e-01 5.632489624023437500e+02
5.042256209011618528e-01 5.599241943359375000e+02
5.073672135547515616e-01 5.582429199218750000e+02
5.105088062083413813e-01 5.561728515625000000e+02
5.136503988619312011e-01 5.508995971679687500e+02
5.167919915155210209e-01 5.454188842773437500e+02
5.199335841691108406e-01 5.424656982421875000e+02
5.230751768227005494e-01 5.379241943359375000e+02
5.262167694762903691e-01 5.330773315429687500e+02
5.293583621298801889e-01 5.345745239257812500e+02
5.324999547834698976e-01 5.297712402343750000e+02
5.356415474370597174e-01 5.243191528320312500e+02
5.387831400906495372e-01 5.218438720703125000e+02
5.419247327442393569e-01 5.195534667968750000e+02
5.450663253978291767e-01 5.127725219726562500e+02
5.482079180514189964e-01 5.116716003417968750e+02
5.513495107050087052e-01 5.068934020996093750e+02
5.544911033585985249e-01 5.046625366210937500e+02
5.576326960121883447e-01 5.040936279296875000e+02
5.607742886657780534e-01 5.004918212890625000e+02
5.639158813193678732e-01 4.964707641601562500e+02
5.670574739729576930e-01 4.922856750488281250e+02
5.701990666265475127e-01 4.893420715332031250e+02
5.733406592801373325e-01 4.876160888671875000e+02
5.764822519337270412e-01 4.859455261230468750e+02
5.796238445873168610e-01 4.808508605957031250e+02
5.827654372409066807e-01 4.781120300292968750e+02
5.859070298944963895e-01 4.735539245605468750e+02
5.890486225480862092e-01 4.713099365234375000e+02
5.921902152016760290e-01 4.701432189941406250e+02
5.953318078552658488e-01 4.672794799804687500e+02
5.984734005088556685e-01 4.662021484375000000e+02
6.016149931624453773e-01 4.627166442871093750e+02
6.047565858160351970e-01 4.631076660156250000e+02
6.078981784696250168e-01 4.584346618652343750e+02
6.110397711232148366e-01 4.549784851074218750e+02
6.141813637768045453e-01 4.540380554199218750e+02
6.173229564303943651e-01 4.511634521484375000e+02
6.204645490839841848e-01 4.502156982421875000e+02
6.236061417375740046e-01 4.466691589355468750e+02
6.267477343911638243e-01 4.436494445800781250e+02
6.298893270447535331e-01 4.403017578125000000e+02
6.330309196983433528e-01 4.378523254394531250e+02
6.361725123519331726e-01 4.375055847167968750e+02
6.393141050055228813e-01 4.364302673339843750e+02
6.424556976591127011e-01 4.324654541015625000e+02
6.455972903127025209e-01 4.302226562500000000e+02
6.487388829662923406e-01 4.292468261718750000e+02
6.518804756198821604e-01 4.252680358886718750e+02
6.550220682734718691e-01 4.247436218261718750e+02
6.581636609270616889e-01 4.216114807128906250e+02
6.613052535806515086e-01 4.198108825683593750e+02
6.644468462342412174e-01 4.195237731933593750e+02
6.675884388878310371e-01 4.151752929687500000e+02
6.707300315414208569e-01 4.144562072753906250e+02
6.738716241950106767e-01 4.112732543945312500e+02
6.770132168486004964e-01 4.107191467285156250e+02
6.801548095021903162e-01 4.095166931152343750e+02
6.832964021557800249e-01 4.059453430175781250e+02
6.864379948093698447e-01 4.057965698242187500e+02
6.895795874629596645e-01 4.037673034667968750e+02
6.927211801165493732e-01 4.016497192382812500e+02
6.958627727701391930e-01 3.984554138183593750e+02
6.990043654237290127e-01 3.972768249511718750e+02
7.021459580773188325e-01 3.954714965820312500e+02
7.052875507309086522e-01 3.938707885742187500e+02
7.084291433844983610e-01 3.927707824707031250e+02
7.115707360380881807e-01 3.904885864257812500e+02
7.147123286916780005e-01 3.889503479003906250e+02
7.178539213452677092e-01 3.873899230957031250e+02
7.209955139988575290e-01 3.855537719726562500e+02
7.241371066524473488e-01 3.844822998046875000e+02
7.272786993060371685e-01 3.822697143554687500e+02
7.304202919596269883e-01 3.814091796875000000e+02
7.335618846132166970e-01 3.778122558593750000e+02
7.367034772668065168e-01 3.778236083984375000e+02
7.398450699203963365e-01 3.750767517089843750e+02
7.429866625739861563e-01 3.744574584960937500e+02
7.461282552275758650e-01 3.727434387207031250e+02
7.492698478811656848e-01 3.720270996093750000e+02
7.524114405347555046e-01 3.697139282226562500e+02
7.555530331883453243e-01 3.684987487792968750e+02
7.586946258419351441e-01 3.674359130859375000e+02
7.618362184955248528e-01 3.648426818847656250e+02
7.649778111491146726e-01 3.626216430664062500e+02
7.681194038027044924e-01 3.623691711425781250e+02
7.712609964562942011e-01 3.605745849609375000e+02
7.744025891098840209e-01 3.588215942382812500e+02
7.775441817634738406e-01 3.573145751953125000e+02
7.806857744170636604e-01 3.559534912109375000e+02
7.838273670706534801e-01 3.547424011230468750e+02
7.869689597242431889e-01 3.537407531738281250e+02
7.901105523778330086e-01 3.533072814941406250e+02
7.932521450314228284e-01 3.513394165039062500e+02
7.963937376850125371e-01 3.493847351074218750e+02
7.995353303386023569e-01 3.488753356933593750e+02
8.026769229921921767e-01 3.476970520019531250e+02
8.058185156457819964e-01 3.462833251953125000e+02
8.089601082993718162e-01 3.454181518554687500e+02
8.121017009529616359e-01 3.434481506347656250e+02
8.152432936065513447e-01 3.422305908203125000e+02
8.183848862601411644e-01 3.428939819335937500e+02
8.215264789137309842e-01 3.396849670410156250e+02
8.246680715673206929e-01 3.386828002929687500e+02
8.278096642209105127e-01 3.384849853515625000e+02
8.309512568745003325e-01 3.361983947753906250e+02
8.340928495280901522e-01 3.347555236816406250e+02
8.372344421816799720e-01 3.340570983886718750e+02
8.403760348352696807e-01 3.318944702148437500e+02
8.435176274888595005e-01 3.308964233398437500e+02
8.466592201424493203e-01 3.303439025878906250e+02
8.498008127960390290e-01 3.297766113281250000e+02
8.529424054496288488e-01 3.284287109375000000e+02
8.560839981032186685e-01 3.272906188964843750e+02
8.592255907568084883e-01 3.258595886230468750e+02
8.623671834103983080e-01 3.250118103027343750e+02
8.655087760639880168e-01 3.241738891601562500e+02
8.686503687175778365e-01 3.228354187011718750e+02
8.717919613711676563e-01 3.204584350585937500e+02
8.749335540247574761e-01 3.207151184082031250e+02
8.780751466783471848e-01 3.201558532714843750e+02
8.812167393319370046e-01 3.195401916503906250e+02
8.843583319855268243e-01 3.177128906250000000e+02
8.874999246391166441e-01 3.163636169433593750e+02
8.906415172927064638e-01 3.156059570312500000e+02
8.937831099462961726e-01 3.147026672363281250e+02
8.969247025998859923e-01 3.140239562988281250e+02
9.000662952534758121e-01 3.116342163085937500e+02
9.032078879070655208e-01 3.113912963867187500e+02
