1.570796326794896653e-03 4.990978662265635649e+03
4.712388980384689743e-03 1.205028570066633802e+04
7.853981633974483484e-03 1.658051359994933227e+04
1.099557428756427549e-02 1.912922272653017353e+04
1.413716694115407096e-02 2.046794782847379975e+04
1.727875959474386297e-02 2.059311145998766006e+04
2.042035224833365498e-02 2.012376738346640195e+04
2.356194490192345045e-02 1.918359048319193971e+04
2.670353755551324246e-02 1.797131848082054421e+04
2.984513020910303793e-02 1.662651561600474452e+04
3.298672286269282994e-02 1.530663286286490438e+04
3.612831551628262194e-02 1.406457631784556361e+04
3.926990816987241395e-02 1.297351729410800181e+04
4.241150082346220596e-02 1.203786058918883464e+04
4.555309347705200490e-02 1.124203910779151920e+04
4.869468613064179691e-02 1.059128865729072641e+04
5.183627878423158891e-02 1.008283622521962025e+04
5.497787143782138092e-02 9.665106355586523932e+03
5.811946409141117986e-02 9.305886018581355529e+03
6.126105674500097187e-02 8.978475460040226608e+03
6.440264939859076387e-02 8.655145172213662590e+03
6.754424205218055588e-02 8.354270651608805565e+03
7.068583470577034789e-02 8.030808847744514424e+03
7.382742735936013989e-02 7.669379058420050569e+03
7.696902001294993190e-02 7.296769336188230227e+03
8.011061266653972390e-02 6.904688267627911046e+03
8.325220532012952979e-02 6.523334258317244348e+03
8.639379797371932179e-02 6.129124053223257761e+03
8.953539062730911380e-02 5.769109729105699444e+03
9.267698328089890580e-02 5.421899656255652189e+03
9.581857593448869781e-02 5.111582058190577300e+03
9.896016858807848982e-02 4.854598513345305946e+03
1.021017612416682818e-01 4.617120023663295797e+03
1.052433538952580738e-01 4.424946827602570920e+03
1.083849465488478658e-01 4.264341656793988477e+03
1.115265392024376578e-01 4.130102683562065977e+03
1.146681318560274498e-01 4.021823368990947529e+03
1.178097245096172418e-01 3.927158736242493887e+03
1.209513171632070477e-01 3.834902827000006255e+03
1.240929098167968397e-01 3.749615181643100641e+03
1.272345024703866456e-01 3.659031694475319455e+03
1.303760951239764099e-01 3.568280936307610318e+03
1.335176877775662296e-01 3.464983573916716978e+03
1.366592804311559939e-01 3.357315807075240173e+03
1.398008730847458136e-01 3.245579584453885673e+03
1.429424657383355779e-01 3.129026470233718555e+03
1.460840583919253977e-01 3.011432666933199471e+03
1.492256510455151619e-01 2.898063885366574141e+03
1.523672436991049817e-01 2.788728034871735417e+03
1.555088363526947459e-01 2.686627554167055223e+03
1.586504290062845657e-01 2.592317520698139560e+03
1.617920216598743299e-01 2.510054490235620051e+03
1.649336143134641497e-01 2.436678763253778925e+03
1.680752069670539417e-01 2.370146290986630447e+03
1.712167996206437337e-01 2.307634134888953213e+03
1.743583922742335535e-01 2.256816708823899717e+03
1.774999849278233177e-01 2.209893066750007165e+03
1.806415775814131375e-01 2.170266972658569557e+03
1.837831702350029017e-01 2.128702023218291743e+03
1.869247628885927215e-01 2.090344232461435695e+03
1.900663555421824857e-01 2.050475674717448783e+03
1.932079481957723055e-01 2.010764449380603537e+03
1.963495408493620697e-01 1.969352522622786637e+03
1.994911335029518895e-01 1.926843084154463895e+03
2.026327261565416538e-01 1.883940183947498099e+03
2.057743188101314735e-01 1.840530673595842927e+03
2.089159114637212378e-01 1.796708967229641985e+03
2.120575041173110575e-01 1.753269696736243532e+03
2.151990967709008218e-01 1.712491462524823646e+03
2.183406894244906415e-01 1.671741636977756798e+03
2.214822820780804058e-01 1.635699064821257252e+03
2.246238747316702256e-01 1.601898101674140435e+03
2.277654673852599898e-01 1.567468558588320775e+03
2.309070600388498096e-01 1.536944108113313405e+03
2.340486526924396016e-01 1.507896457162745264e+03
2.371902453460293936e-01 1.481306567801083702e+03
2.403318379996192133e-01 1.455321367302133694e+03
2.434734306532089776e-01 1.432396501454951704e+03
2.466150233067987974e-01 1.410424976627002707e+03
2.497566159603885616e-01 1.388597378101691447e+03
2.528982086139783814e-01 1.367785732839248340e+03
2.560398012675681456e-01 1.344275281205152396e+03
2.591813939211579099e-01 1.324817590429658594e+03
2.623229865747477296e-01 1.301755285804973255e+03
2.654645792283375494e-01 1.283214380579158160e+03
2.686061718819273136e-01 1.261434643722421470e+03
2.717477645355171334e-01 1.240090376921285952e+03
2.748893571891068976e-01 1.221043507670632607e+03
2.780309498426967174e-01 1.200905772528512443e+03
2.811725424962865372e-01 1.181811502079599222e+03
2.843141351498763014e-01 1.164012313928550611e+03
2.874557278034660657e-01 1.147025361942773543e+03
2.905973204570558854e-01 1.130111319863044173e+03
2.937389131106457052e-01 1.113388080742652392e+03
2.968805057642354694e-01 1.096843538587635976e+03
3.000220984178252337e-01 1.081464571109822373e+03
3.031636910714150535e-01 1.067094134178256127e+03
3.063052837250048732e-01 1.053089026951690357e+03
3.094468763785946375e-01 1.040219528853405336e+03
3.125884690321844017e-01 1.027423559897996029e+03
3.157300616857742215e-01 1.013509192802882467e+03
3.188716543393640412e-01 1.001901308173044413e+03
3.220132469929538055e-01 9.884483608687540936e+02
3.251548396465435697e-01 9.758362378744578791e+02
3.282964323001333895e-01 9.646304962790948139e+02
3.314380249537232093e-01 9.530565788033834451e+02
3.345796176073129735e-01 9.418375944996579392e+02
3.377212102609027933e-01 9.291157929126283079e+02
3.408628029144925575e-01 9.183045991350393251e+02
3.440043955680823773e-01 9.076093386755409256e+02
3.471459882216721970e-01 8.960130744683491457e+02
3.502875808752619613e-01 8.871535976929237677e+02
3.534291735288517255e-01 8.766138417477091025e+02
3.565707661824415453e-01 8.677585595629892623e+02
3.597123588360313651e-01 8.576601200874779352e+02
3.628539514896211293e-01 8.472927671658497957e+02
3.659955441432108936e-01 8.383264909563580431e+02
3.691371367968007133e-01 8.298904916392913265e+02
3.722787294503905331e-01 8.206023746190396650e+02
3.754203221039802973e-01 8.119703826827806097e+02
3.785619147575700616e-01 8.044988811841552661e+02
3.817035074111598814e-01 7.967483040882441401e+02
3.848451000647497011e-01 7.889359255962356201e+02
3.879866927183394654e-01 7.809007785259357206e+02
3.911282853719292296e-01 7.730413076524290545e+02
3.942698780255190494e-01 7.655813328624682299e+02
3.974114706791088691e-01 7.581555194846631593e+02
4.005530633326986334e-01 7.503532688492957732e+02
4.036946559862884532e-01 7.434816642480217297e+02
4.068362486398782174e-01 7.380662818515222625e+02
4.099778412934680372e-01 7.303562229747747097e+02
4.131194339470578569e-01 7.236708445868428043e+02
4.162610266006476212e-01 7.171654517184038014e+02
4.194026192542373854e-01 7.100857885853697553e+02
4.225442119078272052e-01 7.043147994693534883e+02
4.256858045614170249e-01 6.965351324657696068e+02
4.288273972150067892e-01 6.906851640438061395e+02
4.319689898685965534e-01 6.858831428099875893e+02
4.351105825221863732e-01 6.789068820037301748e+02
4.382521751757761930e-01 6.744028399419711377e+02
4.413937678293659572e-01 6.681491724640177381e+02
4.445353604829557215e-01 6.621395089193008516e+02
4.476769531365455412e-01 6.570942265996363858e+02
4.508185457901353610e-01 6.518544627096154045e+02
4.539601384437251252e-01 6.466856527412162450e+02
4.571017310973148895e-01 6.414818568859487868e+02
4.602433237509047093e-01 6.366140394073172502e+02
4.633849164044945290e-01 6.317335851636518100e+02
4.665265090580842933e-01 6.264672284518336483e+02
4.696681017116741130e-01 6.215454603829176676e+02
4.728096943652638773e-01 6.172892239319903638e+02
4.759512870188536970e-01 6.128237840179118621e+02
4.790928796724435168e-01 6.076442043540565692e+02
4.822344723260332811e-01 6.025703132473904589e+02
4.853760649796230453e-01 5.984866612160095656e+02
4.885176576332128651e-01 5.944201623734559234e+02
4.916592502868026848e-01 5.906396006035321307e+02
4.948008429403924491e-01 5.860532155075246692e+02
4.979424355939822133e-01 5.817531237370811823e+02
5.010840282475720331e-01 5.781159290042384100e+02
5.042256209011618528e-01 5.732669154034559824e+02
5.073672135547515616e-01 5.690980738153571110e+02
5.105088062083413813e-01 5.667143980525955840e+02
5.136503988619312011e-01 5.622289066295502380e+02
5.167919915155210209e-01 5.582591971713317207e+02
5.199335841691108406e-01 5.549717439522389668e+02
5.230751768227005494e-01 5.508180417766899382e+02
5.262167694762903691e-01 5.472226231575191377e+02
5.293583621298801889e-01 5.438315344950810868e+02
5.324999547834698976e-01 5.405434574997141226e+02
5.356415474370597174e-01 5.365479695955672241e+02
5.387831400906495372e-01 5.332703459934067496e+02
5.419247327442393569e-01 5.298505661511954941e+02
5.450663253978291767e-01 5.262129891889184137e+02
5.482079180514189964e-01 5.234066426587876322e+02
5.513495107050087052e-01 5.196405627058782102e+02
5.544911033585985249e-01 5.163720884216438662e+02
5.576326960121883447e-01 5.142537180421998073e+02
5.607742886657780534e-01 5.109483547819027081e+02
5.639158813193678732e-01 5.075169842743119943e+02
5.670574739729576930e-01 5.043481638405627336e+02
5.701990666265475127e-01 5.015817519635403414e+02
5.733406592801373325e-01 4.991903319723531922e+02
5.764822519337270412e-01 4.959538563801866644e+02
5.796238445873168610e-01 4.930579912297798728e+02
5.827654372409066807e-01 4.901913628498047615e+02
5.859070298944963895e-01 4.881099613617824957e+02
5.890486225480862092e-01 4.849351578198781567e+02
5.921902152016760290e-01 4.826155266705526969e+02
5.953318078552658488e-01 4.793648147043331846e+02
5.984734005088556685e-01 4.770624879902416069e+02
6.016149931624453773e-01 4.745507722916691478e+02
6.047565858160351970e-01 4.720814275330652094e+02
6.078981784696250168e-01 4.694223650321522996e+02
6.110397711232148366e-01 4.667968314692118383e+02
6.141813637768045453e-01 4.642208000042562048e+02
6.173229564303943651e-01 4.619918973322137390e+02
6.204645490839841848e-01 4.596479087011014713e+02
6.236061417375740046e-01 4.570491608467176547e+02
6.267477343911638243e-01 4.549333653975902507e+02
6.298893270447535331e-01 4.524557684034519411e+02
6.330309196983433528e-01 4.498010048394464775e+02
6.361725123519331726e-01 4.477352775063949935e+02
6.393141050055228813e-01 4.454361530076151894e+02
6.424556976591127011e-01 4.436497939605982310e+02
6.455972903127025209e-01 4.410865809055696900e+02
6.487388829662923406e-01 4.394474077079652261e+02
6.518804756198821604e-01 4.372192803920443680e+02
6.550220682734718691e-01 4.351745114526517000e+02
6.581636609270616889e-01 4.330342002048359404e+02
6.613052535806515086e-01 4.304899025473891356e+02
6.644468462342412174e-01 4.289534358193037633e+02
6.675884388878310371e-01 4.268133196130439160e+02
6.707300315414208569e-01 4.246635072570297211e+02
6.738716241950106767e-01 4.224898997276060300e+02
6.770132168486004964e-01 4.210384257607335030e+02
6.801548095021903162e-01 4.189268480570232214e+02
6.832964021557800249e-01 4.166956709790066498e+02
6.864379948093698447e-01 4.153875495980620371e+02
6.895795874629596645e-01 4.130134909309131785e+02
6.927211801165493732e-01 4.114123844092135869e+02
6.958627727701391930e-01 4.096013525371114952e+02
6.990043654237290127e-01 4.075856621421843329e+02
7.021459580773188325e-01 4.060434064721429763e+02
7.052875507309086522e-01 4.042302897236946251e+02
7.084291433844983610e-01 4.025464784212207974e+02
7.115707360380881807e-01 4.009240556472160506e+02
7.147123286916780005e-01 3.989147262316162141e+02
7.178539213452677092e-01 3.972146352829258831e+02
7.209955139988575290e-01 3.954658960042244189e+02
7.241371066524473488e-01 3.939620711336391423e+02
7.272786993060371685e-01 3.922895338532798633e+02
7.304202919596269883e-01 3.909305129626151256e+02
7.335618846132166970e-01 3.888347480257737629e+02
7.367034772668065168e-01 3.878791925059348387e+02
7.398450699203963365e-01 3.859435679060395046e+02
7.429866625739861563e-01 3.844392306256413008e+02
7.461282552275758650e-01 3.830721932888275205e+02
7.492698478811656848e-01 3.813959859516647271e+02
7.524114405347555046e-01 3.797222901021733605e+02
7.555530331883453243e-01 3.782470600057764614e+02
7.586946258419351441e-01 3.766003072704270380e+02
7.618362184955248528e-01 3.752387190902967404e+02
7.649778111491146726e-01 3.734716760407036418e+02
7.681194038027044924e-01 3.721618600608711063e+02
7.712609964562942011e-01 3.707478768630210766e+02
7.744025891098840209e-01 3.695705453606414039e+02
7.775441817634738406e-01 3.679993188485808560e+02
7.806857744170636604e-01 3.665060176851145002e+02
7.838273670706534801e-01 3.654117307136876889e+02
7.869689597242431889e-01 3.637397911712137670e+02
7.901105523778330086e-01 3.624071475315450925e+02
7.932521450314228284e-01 3.610280003960040176e+02
7.963937376850125371e-01 3.598730751572171584e+02
7.995353303386023569e-01 3.582198815628396460e+02
8.026769229921921767e-01 3.573221328141491995e+02
8.058185156457819964e-01 3.561268024152055887e+02
8.089601082993718162e-01 3.545228338573194264e+02
8.121017009529616359e-01 3.531596230362281403e+02
8.152432936065513447e-01 3.517766076572934821e+02
8.183848862601411644e-01 3.510168059247739052e+02
8.215264789137309842e-01 3.495385321002344767e+02
8.246680715673206929e-01 3.481676757883327582e+02
8.278096642209105127e-01 3.474043763727082705e+02
8.309512568745003325e-01 3.457212246251685883e+02
8.340928495280901522e-01 3.445008602537742490e+02
8.372344421816799720e-01 3.435420249865624669e+02
8.403760348352696807e-01 3.421416036410665811e+02
8.435176274888595005e-01 3.410614360434858554e+02
8.466592201424493203e-01 3.398688021065567000e+02
8.498008127960390290e-01 3.388676501281904621e+02
8.529424054496288488e-01 3.375823010533940760e+02
8.560839981032186685e-01 3.366499247087370463e+02
8.592255907568084883e-01 3.354500506895931835e+02
8.623671834103983080e-01 3.341829654584731770e+02
8.655087760639880168e-01 3.331386217159952139e+02
8.686503687175778365e-01 3.317884368731475888e+02
8.717919613711676563e-01 3.305577023768715321e+02
8.749335540247574761e-01 3.300169310984542221e+02
8.780751466783471848e-01 3.288424457602889674e+02
8.812167393319370046e-01 3.275535926442947243e+02
8.843583319855268243e-01 3.265593462273619707e+02
8.874999246391166441e-01 3.254382984294980474e+02
8.906415172927064638e-01 3.243526897738724415e+02
8.937831099462961726e-01 3.235628979199485116e+02
8.969247025998859923e-01 3.223980989135775985e+02
9.000662952534758121e-01 3.214297244424375322e+02
9.032078879070655208e-01 3.205511750040362244e+02
