1.570796326794896653e-03 7.282707788614036872e+03
4.712388980384689743e-03 1.743681068482610863e+04
7.853981633974483484e-03 2.407221637520960576e+04
1.099557428756427549e-02 2.764505222137928286e+04
1.413716694115407096e-02 2.965199267906654131e+04
1.727875959474386297e-02 2.981065512869972372e+04
2.042035224833365498e-02 2.911742696892908498e+04
2.356194490192345045e-02 2.783652495260939759e+04
2.670353755551324246e-02 2.610151349822719203e+04
2.984513020910303793e-02 2.412815016887726961e+04
3.298672286269282994e-02 2.224496405006575151e+04
3.612831551628262194e-02 2.044587026992301253e+04
3.926990816987241395e-02 1.888822299234409365e+04
4.241150082346220596e-02 1.754644427372489372e+04
4.555309347705200490e-02 1.641206492327666274e+04
4.869468613064179691e-02 1.547469457488087937e+04
5.183627878423158891e-02 1.473292705140895669e+04
5.497787143782138092e-02 1.414886444880336967e+04
5.811946409141117986e-02 1.363677729259502121e+04
6.126105674500097187e-02 1.316598865271165960e+04
6.440264939859076387e-02 1.268924553122441284e+04
6.754424205218055588e-02 1.226773954158992092e+04
7.068583470577034789e-02 1.180366094684826203e+04
7.382742735936013989e-02 1.129180958940997516e+04
7.696902001294993190e-02 1.076459165961390136e+04
8.011061266653972390e-02 1.018709982138121268e+04
8.325220532012952979e-02 9.640740062117514753e+03
8.639379797371932179e-02 9.071703056371266939e+03
8.953539062730911380e-02 8.561025171351477184e+03
9.267698328089890580e-02 8.050678167937861872e+03
9.581857593448869781e-02 7.597915958566988593e+03
9.896016858807848982e-02 7.232375281447487396e+03
1.021017612416682818e-01 6.888856781693723860e+03
1.052433538952580738e-01 6.609241577216826954e+03
1.083849465488478658e-01 6.377578951121128739e+03
1.115265392024376578e-01 6.187302014694185345e+03
1.146681318560274498e-01 6.030944455936914892e+03
1.178097245096172418e-01 5.899133855091655278e+03
1.209513171632070477e-01 5.767748427841287594e+03
1.240929098167968397e-01 5.646892541755873935e+03
1.272345024703866456e-01 5.517281413704701663e+03
1.303760951239764099e-01 5.387970042939143241e+03
1.335176877775662296e-01 5.236574514157658996e+03
1.366592804311559939e-01 5.081172205190897330e+03
1.398008730847458136e-01 4.922514582409910872e+03
1.429424657383355779e-01 4.750025222263967407e+03
1.460840583919253977e-01 4.579386025292861632e+03
1.492256510455151619e-01 4.414054781890657068e+03
1.523672436991049817e-01 4.257257907722364507e+03
1.555088363526947459e-01 4.108652490057093019e+03
1.586504290062845657e-01 3.970972946393763777e+03
1.617920216598743299e-01 3.855407633362578053e+03
1.649336143134641497e-01 3.747347255614175538e+03
1.680752069670539417e-01 3.649717219384954660e+03
1.712167996206437337e-01 3.555212783224308168e+03
1.743583922742335535e-01 3.482564823683396753e+03
1.774999849278233177e-01 3.413891910352932427e+03
1.806415775814131375e-01 3.358120097612376867e+03
1.837831702350029017e-01 3.300398093088949736e+03
1.869247628885927215e-01 3.245570592392924937e+03
1.900663555421824857e-01 3.186686158370941484e+03
1.932079481957723055e-01 3.128877689797053790e+03
1.963495408493620697e-01 3.070247714590198939e+03
1.994911335029518895e-01 3.007947074047623573e+03
2.026327261565416538e-01 2.945731732070339604e+03
2.057743188101314735e-01 2.881801125139931173e+03
2.089159114637212378e-01 2.818329226150903196e+03
2.120575041173110575e-01 2.755737172082979214e+03
2.151990967709008218e-01 2.696208601143310716e+03
2.183406894244906415e-01 2.634460232248804004e+03
2.214822820780804058e-01 2.583291158973450820e+03
2.246238747316702256e-01 2.534765836985888654e+03
2.277654673852599898e-01 2.483638644235311403e+03
2.309070600388498096e-01 2.439231792133064573e+03
2.340486526924396016e-01 2.397326780608959780e+03
2.371902453460293936e-01 2.358411326673465737e+03
2.403318379996192133e-01 2.319674831350603654e+03
2.434734306532089776e-01 2.286264535080405494e+03
2.466150233067987974e-01 2.255110242010614002e+03
2.497566159603885616e-01 2.223045824294118574e+03
2.528982086139783814e-01 2.192608329268755369e+03
2.560398012675681456e-01 2.157656640574578887e+03
2.591813939211579099e-01 2.130079268714300269e+03
2.623229865747477296e-01 2.094881632774044647e+03
2.654645792283375494e-01 2.070229473617402164e+03
2.686061718819273136e-01 2.036897153716301318e+03
2.717477645355171334e-01 2.005018592911026417e+03
2.748893571891068976e-01 1.977534006677190519e+03
2.780309498426967174e-01 1.947774593947811582e+03
2.811725424962865372e-01 1.919828276746877464e+03
2.843141351498763014e-01 1.893352235289785767e+03
2.874557278034660657e-01 1.869801527486052009e+03
2.905973204570558854e-01 1.844776226712278230e+03
2.937389131106457052e-01 1.820409257986293369e+03
2.968805057642354694e-01 1.795213561769625812e+03
3.000220984178252337e-01 1.772461840299010419e+03
3.031636910714150535e-01 1.751246283710567241e+03
3.063052837250048732e-01 1.730995395423318314e+03
3.094468763785946375e-01 1.712323815844975798e+03
3.125884690321844017e-01 1.693666178096365911e+03
3.157300616857742215e-01 1.673741400919536090e+03
3.188716543393640412e-01 1.657108329860619961e+03
3.220132469929538055e-01 1.636718233210630842e+03
3.251548396465435697e-01 1.617298817019812759e+03
3.282964323001333895e-01 1.601877457187914615e+03
3.314380249537232093e-01 1.584037846391125868e+03
3.345796176073129735e-01 1.567830804580088852e+03
3.377212102609027933e-01 1.549034245484242092e+03
3.408628029144925575e-01 1.532982765494297382e+03
3.440043955680823773e-01 1.517297163896836992e+03
3.471459882216721970e-01 1.499500901269138694e+03
3.502875808752619613e-01 1.487317434853123359e+03
3.534291735288517255e-01 1.471472028237082441e+03
3.565707661824415453e-01 1.459104111900729094e+03
3.597123588360313651e-01 1.443975342648740252e+03
3.628539514896211293e-01 1.427777204008141325e+03
3.659955441432108936e-01 1.414629176634327678e+03
3.691371367968007133e-01 1.402827011891665052e+03
3.722787294503905331e-01 1.388558038590635988e+03
3.754203221039802973e-01 1.375899715232504150e+03
3.785619147575700616e-01 1.365269687913181315e+03
3.817035074111598814e-01 1.354603689130674638e+03
3.848451000647497011e-01 1.342167614908008773e+03
3.879866927183394654e-01 1.330509548612958042e+03
3.911282853719292296e-01 1.318689711970797816e+03
3.942698780255190494e-01 1.307710830664936566e+03
3.974114706791088691e-01 1.296554093382826750e+03
4.005530633326986334e-01 1.284778160902876380e+03
4.036946559862884532e-01 1.274795561167288270e+03
4.068362486398782174e-01 1.267692860563552131e+03
4.099778412934680372e-01 1.255587804280297178e+03
4.131194339470578569e-01 1.245684996944726436e+03
4.162610266006476212e-01 1.236047572883544944e+03
4.194026192542373854e-01 1.225416161691289517e+03
4.225442119078272052e-01 1.217212568382547033e+03
4.256858045614170249e-01 1.204976514101212160e+03
4.288273972150067892e-01 1.196156820112548530e+03
4.319689898685965534e-01 1.189493172019828762e+03
4.351105825221863732e-01 1.178727743619217563e+03
4.382521751757761930e-01 1.172196559523104952e+03
4.413937678293659572e-01 1.162769599128116624e+03
4.445353604829557215e-01 1.153841613969740820e+03
4.476769531365455412e-01 1.146323617973312366e+03
4.508185457901353610e-01 1.138886970940065339e+03
4.539601384437251252e-01 1.130886567531454602e+03
4.571017310973148895e-01 1.123206437725559681e+03
4.602433237509047093e-01 1.116244157942305037e+03
4.633849164044945290e-01 1.108704892150073874e+03
4.665265090580842933e-01 1.100611256142801494e+03
4.696681017116741130e-01 1.094060290799034874e+03
4.728096943652638773e-01 1.087304142611571706e+03
4.759512870188536970e-01 1.080786102570314824e+03
4.790928796724435168e-01 1.073105298663675512e+03
4.822344723260332811e-01 1.064814704096741707e+03
4.853760649796230453e-01 1.058736153526129328e+03
4.885176576332128651e-01 1.053072128086289922e+03
4.916592502868026848e-01 1.047550375551856177e+03
4.948008429403924491e-01 1.040665364300811689e+03
4.979424355939822133e-01 1.034293642430610134e+03
5.010840282475720331e-01 1.028923609298130486e+03
5.042256209011618528e-01 1.021384165848763473e+03
5.073672135547515616e-01 1.015311061815544122e+03
5.105088062083413813e-01 1.011975742693256848e+03
5.136503988619312011e-01 1.005680516197250881e+03
5.167919915155210209e-01 9.992505779030751683e+02
5.199335841691108406e-01 9.946496046451413804e+02
5.230751768227005494e-01 9.880484206611220088e+02
5.262167694762903691e-01 9.830113966608059854e+02
5.293583621298801889e-01 9.777959098384369554e+02
5.324999547834698976e-01 9.730405248752036869e+02
5.356415474370597174e-01 9.670276041888156442e+02
5.387831400906495372e-01 9.620881530575863962e+02
5.419247327442393569e-01 9.567242200394022120e+02
5.450663253978291767e-01 9.512592961637941471e+02
5.482079180514189964e-01 9.471304512869895689e+02
5.513495107050087052e-01 9.415411844749420425e+02
5.544911033585985249e-01 9.367786759992434327e+02
5.576326960121883447e-01 9.335274942749400680e+02
5.607742886657780534e-01 9.287391890542653528e+02
5.639158813193678732e-01 9.234369842501403127e+02
5.670574739729576930e-01 9.184889284860942098e+02
5.701990666265475127e-01 9.145506404209149878e+02
5.733406592801373325e-01 9.113371559968047677e+02
5.764822519337270412e-01 9.061896927113434685e+02
5.796238445873168610e-01 9.017973890740706793e+02
5.827654372409066807e-01 8.974621290679435788e+02
5.859070298944963895e-01 8.947281916367116992e+02
5.890486225480862092e-01 8.899157534330731778e+02
5.921902152016760290e-01 8.864365012152702548e+02
5.953318078552658488e-01 8.813810642177993486e+02
5.984734005088556685e-01 8.779293024466510360e+02
6.016149931624453773e-01 8.744179414964681882e+02
6.047565858160351970e-01 8.706081158237004729e+02
6.078981784696250168e-01 8.667870046008572444e+02
6.110397711232148366e-01 8.626339177071223503e+02
6.141813637768045453e-01 8.587036128920153715e+02
6.173229564303943651e-01 8.554290182877743973e+02
6.204645490839841848e-01 8.520366121422456445e+02
6.236061417375740046e-01 8.478976885769602632e+02
6.267477343911638243e-01 8.449681426744266446e+02
6.298893270447535331e-01 8.410060711570999956e+02
6.330309196983433528e-01 8.367923164882272431e+02
6.361725123519331726e-01 8.340160435485890957e+02
6.393141050055228813e-01 8.305026720970533916e+02
6.424556976591127011e-01 8.278494633048513833e+02
6.455972903127025209e-01 8.240927500291187471e+02
6.487388829662923406e-01 8.216157746545342206e+02
6.518804756198821604e-01 8.181640991709900845e+02
6.550220682734718691e-01 8.152320930865678292e+02
6.581636609270616889e-01 8.120667839144994105e+02
6.613052535806515086e-01 8.080098417153185437e+02
6.644468462342412174e-01 8.060644470372772048e+02
6.675884388878310371e-01 8.028857837700500113e+02
6.707300315414208569e-01 7.994740502445705488e+02
6.738716241950106767e-01 7.963014129796325733e+02
6.770132168486004964e-01 7.940766909422274011e+02
6.801548095021903162e-01 7.909552535102586717e+02
6.832964021557800249e-01 7.874032269527987182e+02
6.864379948093698447e-01 7.856287404130841878e+02
6.895795874629596645e-01 7.819677653259898307e+02
6.927211801165493732e-01 7.797388281445128086e+02
6.958627727701391930e-01 7.768564144328822749e+02
6.990043654237290127e-01 7.738666134526408769e+02
7.021459580773188325e-01 7.714231715318412625e+02
7.052875507309086522e-01 7.689965796732989247e+02
7.084291433844983610e-01 7.664001300756093542e+02
7.115707360380881807e-01 7.637714703360359181e+02
7.147123286916780005e-01 7.609170228450668674e+02
7.178539213452677092e-01 7.581101684970965380e+02
7.209955139988575290e-01 7.554869773038549283e+02
7.241371066524473488e-01 7.533204171781367222e+02
7.272786993060371685e-01 7.507766065889944684e+02
7.304202919596269883e-01 7.491300007388962285e+02
7.335618846132166970e-01 7.455283213346453977e+02
7.367034772668065168e-01 7.444063714767762576e+02
7.398450699203963365e-01 7.412826378028051977e+02
7.429866625739861563e-01 7.391255540992580109e+02
7.461282552275758650e-01 7.373925686964707893e+02
7.492698478811656848e-01 7.344558554159492587e+02
7.524114405347555046e-01 7.320916005132639839e+02
7.555530331883453243e-01 7.298795132365747804e+02
7.586946258419351441e-01 7.272375750649620159e+02
7.618362184955248528e-01 7.255599607458959781e+02
7.649778111491146726e-01 7.225500402697008440e+02
7.681194038027044924e-01 7.208184342223086105e+02
7.712609964562942011e-01 7.184789265323506697e+02
7.744025891098840209e-01 7.166517466416195248e+02
7.775441817634738406e-01 7.145299277672434073e+02
7.806857744170636604e-01 7.122572767535000366e+02
7.838273670706534801e-01 7.104859144013637433e+02
7.869689597242431889e-01 7.079595525652475771e+02
7.901105523778330086e-01 7.060583588874274028e+02
7.932521450314228284e-01 7.037468511658703392e+02
7.963937376850125371e-01 7.022443670142721430e+02
7.995353303386023569e-01 6.995460220609785438e+02
8.026769229921921767e-01 6.984350133802931850e+02
8.058185156457819964e-01 6.966198624376180533e+02
8.089601082993718162e-01 6.941729892142004701e+02
8.121017009529616359e-01 6.921381624069480267e+02
8.152432936065513447e-01 6.901178826587112098e+02
8.183848862601411644e-01 6.890856391598777009e+02
8.215264789137309842e-01 6.867059432096382352e+02
8.246680715673206929e-01 6.846838816715024905e+02
8.278096642209105127e-01 6.835236892708663845e+02
8.309512568745003325e-01 6.808875461755983451e+02
8.340928495280901522e-01 6.790895650005609241e+02
8.372344421816799720e-01 6.778238928618674208e+02
8.403760348352696807e-01 6.755898583217112900e+02
8.435176274888595005e-01 6.738396858993019123e+02
8.466592201424493203e-01 6.722858470351009146e+02
8.498008127960390290e-01 6.707646879584863200e+02
8.529424054496288488e-01 6.687466255684823864e+02
8.560839981032186685e-01 6.676242729231554449e+02
8.592255907568084883e-01 6.656321885811174752e+02
8.623671834103983080e-01 6.636652814426831810e+02
8.655087760639880168e-01 6.621291106709733185e+02
8.686503687175778365e-01 6.602621258109870723e+02
8.717919613711676563e-01 6.581161068857975351e+02
8.749335540247574761e-01 6.574588252852968253e+02
8.780751466783471848e-01 6.556756544446357111e+02
8.812167393319370046e-01 6.537312873434959783e+02
8.843583319855268243e-01 6.521863453467166210e+02
8.874999246391166441e-01 6.505612974432435749e+02
8.906415172927064638e-01 6.488253995459496082e+02
8.937831099462961726e-01 6.478531179746961470e+02
8.969247025998859923e-01 6.459241511345452409e+02
9.000662952534758121e-01 6.445888339972933636e+02
9.032078879070655208e-01 6.430806239286307573e+02
