1.570796326794896653e-03 4.319519001871040928e+03
4.712388980384689743e-03 2.576230369591050021e+03
7.853981633974483484e-03 1.855151297333188040e+03
1.099557428756427549e-02 1.272381464989633287e+03
1.413716694115407096e-02 1.243031533386949604e+03
1.727875959474386297e-02 1.358357850962088605e+03
2.042035224833365498e-02 1.059767927353033429e+03
2.356194490192345045e-02 1.155869863232239595e+03
2.670353755551324246e-02 8.221853852551773798e+02
2.984513020910303793e-02 4.526729221785712980e+02
3.298672286269282994e-02 4.508063956383338109e+02
3.612831551628262194e-02 7.059599553832994161e+02
3.926990816987241395e-02 2.154348709708496585e+02
4.241150082346220596e-02 2.992464696118457823e+02
4.555309347705200490e-02 2.396270052112076030e+02
4.869468613064179691e-02 2.285640771935130147e+02
5.183627878423158891e-02 2.310975548212894068e+02
5.497787143782138092e-02 1.676248681573154329e+02
5.811946409141117986e-02 2.057376987401641202e+02
6.126105674500097187e-02 1.781916394969734370e+02
6.440264939859076387e-02 1.619178023089620524e+02
6.754424205218055588e-02 1.396752256021646303e+02
7.068583470577034789e-02 1.585694678469369876e+02
7.382742735936013989e-02 1.217986521380176725e+02
7.696902001294993190e-02 1.010159687028969842e+02
8.011061266653972390e-02 1.491213813234779479e+02
8.325220532012952979e-02 1.009118078859134471e+02
8.639379797371932179e-02 1.102122564238264317e+02
8.953539062730911380e-02 7.822645206190948386e+01
9.267698328089890580e-02 5.700754822805888722e+01
9.581857593448869781e-02 5.237544736606341189e+01
9.896016858807848982e-02 6.113098974380601902e+01
1.021017612416682818e-01 4.336211129332922098e+01
1.052433538952580738e-01 4.760254729058963363e+01
1.083849465488478658e-01 5.037514901703807624e+01
1.115265392024376578e-01 3.581600515637152427e+01
1.146681318560274498e-01 4.315901538805542970e+01
1.178097245096172418e-01 4.667519011489684289e+01
1.209513171632070477e-01 4.042369837822597844e+01
1.240929098167968397e-01 3.596211206748770195e+01
1.272345024703866456e-01 2.155642456044964916e+01
1.303760951239764099e-01 2.879799155752566620e+01
1.335176877775662296e-01 3.429209077907266590e+01
1.366592804311559939e-01 2.902164566114640820e+01
1.398008730847458136e-01 2.397534153366667553e+01
1.429424657383355779e-01 2.363901610643372564e+01
1.460840583919253977e-01 2.856466419735383866e+01
1.492256510455151619e-01 1.782184423442754806e+01
1.523672436991049817e-01 2.715542020785914445e+01
1.555088363526947459e-01 1.277386424812045362e+01
1.586504290062845657e-01 2.064805818854262753e+01
1.617920216598743299e-01 1.182690580789045853e+01
1.649336143134641497e-01 1.661337484516483087e+01
1.680752069670539417e-01 2.293907887609241669e+01
1.712167996206437337e-01 1.683852385552534869e+01
1.743583922742335535e-01 1.231753228608788930e+01
1.774999849278233177e-01 1.544133896961125529e+01
1.806415775814131375e-01 1.524912721824870410e+01
1.837831702350029017e-01 1.892118417156511256e+01
1.869247628885927215e-01 1.481632541043047624e+01
1.900663555421824857e-01 1.818644660284319414e+01
1.932079481957723055e-01 1.935951300270969355e+01
1.963495408493620697e-01 1.429621049796693200e+01
1.994911335029518895e-01 1.498579583310330676e+01
2.026327261565416538e-01 9.800322609298536491e+00
2.057743188101314735e-01 1.035398277218530971e+01
2.089159114637212378e-01 1.623562247111728141e+01
2.120575041173110575e-01 1.012488837181113688e+01
2.151990967709008218e-01 1.102377930581496734e+01
2.183406894244906415e-01 1.225245862587082790e+01
2.214822820780804058e-01 1.000121844394362469e+01
2.246238747316702256e-01 1.474830994633090242e+01
2.277654673852599898e-01 9.974063172512504849e+00
2.309070600388498096e-01 9.406912325607315495e+00
2.340486526924396016e-01 9.368663460842798330e+00
2.371902453460293936e-01 1.070963694657232246e+01
2.403318379996192133e-01 8.462421495110859837e+00
2.434734306532089776e-01 7.596410083082155928e+00
2.466150233067987974e-01 1.153040768560449436e+01
2.497566159603885616e-01 6.502193306319016486e+00
2.528982086139783814e-01 6.097541922591861230e+00
2.560398012675681456e-01 1.107348997625179621e+01
2.591813939211579099e-01 8.351947886207367944e+00
2.623229865747477296e-01 1.051480511198584189e+01
2.654645792283375494e-01 6.479695999090925085e+00
2.686061718819273136e-01 7.067624468743028743e+00
2.717477645355171334e-01 7.860874185805633019e+00
2.748893571891068976e-01 5.438320572481750936e+00
2.780309498426967174e-01 6.464038170579103237e+00
2.811725424962865372e-01 8.657656000049822609e+00
2.843141351498763014e-01 5.971944484441288559e+00
2.874557278034660657e-01 6.450583587985871503e+00
2.905973204570558854e-01 6.239292176685970581e+00
2.937389131106457052e-01 5.746201348777425721e+00
2.968805057642354694e-01 6.534782084754207965e+00
3.000220984178252337e-01 5.313036955270435513e+00
3.031636910714150535e-01 6.190134412119395080e+00
3.063052837250048732e-01 5.324468631209194669e+00
3.094468763785946375e-01 5.626078094674502594e+00
3.125884690321844017e-01 6.448834706914224668e+00
3.157300616857742215e-01 5.104458510388842463e+00
3.188716543393640412e-01 6.337040960338160112e+00
3.220132469929538055e-01 6.274059185482350642e+00
3.251548396465435697e-01 6.017199998903253189e+00
3.282964323001333895e-01 5.703993417799009258e+00
3.314380249537232093e-01 5.858823553846475463e+00
3.345796176073129735e-01 4.444894689884749006e+00
3.377212102609027933e-01 5.899448570005812797e+00
3.408628029144925575e-01 4.430063000917966676e+00
3.440043955680823773e-01 5.916161731829454595e+00
3.471459882216721970e-01 5.131388271275037383e+00
3.502875808752619613e-01 4.819354757862233107e+00
3.534291735288517255e-01 4.377913519772225648e+00
3.565707661824415453e-01 5.349438725746643364e+00
3.597123588360313651e-01 4.400503986989655836e+00
3.628539514896211293e-01 4.351974732611845198e+00
3.659955441432108936e-01 6.190317844569244166e+00
3.691371367968007133e-01 4.392904620750948119e+00
3.722787294503905331e-01 6.121350556142474808e+00
3.754203221039802973e-01 5.249721242068867255e+00
3.785619147575700616e-01 3.856218521469928273e+00
3.817035074111598814e-01 5.007452471138963190e+00
3.848451000647497011e-01 4.744514544453528160e+00
3.879866927183394654e-01 5.873818570245966875e+00
3.911282853719292296e-01 5.805882625312060341e+00
3.942698780255190494e-01 4.910696097704751573e+00
3.974114706791088691e-01 4.920604204999862397e+00
4.005530633326986334e-01 5.341161600675075505e+00
4.036946559862884532e-01 4.726086657505236488e+00
4.068362486398782174e-01 4.084795573849670625e+00
4.099778412934680372e-01 5.457690147219313559e+00
4.131194339470578569e-01 4.620217542998104499e+00
4.162610266006476212e-01 4.219738926720146388e+00
4.194026192542373854e-01 3.759417820210464889e+00
4.225442119078272052e-01 4.119379906685275650e+00
4.256858045614170249e-01 4.820850403533904149e+00
4.288273972150067892e-01 3.842586866112418953e+00
4.319689898685965534e-01 3.612339422398720856e+00
4.351105825221863732e-01 4.125306052255678146e+00
4.382521751757761930e-01 3.799717289720506930e+00
4.413937678293659572e-01 4.432737578596157135e+00
4.445353604829557215e-01 4.694824852475163013e+00
4.476769531365455412e-01 3.806910123472804219e+00
4.508185457901353610e-01 3.560973645027191825e+00
4.539601384437251252e-01 3.656068292185656876e+00
4.571017310973148895e-01 4.175032865807565940e+00
4.602433237509047093e-01 3.988563642633134787e+00
4.633849164044945290e-01 4.379297001851343296e+00
4.665265090580842933e-01 3.614935745534063383e+00
4.696681017116741130e-01 3.963159097805119657e+00
4.728096943652638773e-01 4.074531823962853849e+00
4.759512870188536970e-01 3.446381975706280354e+00
4.790928796724435168e-01 3.802091859035209964e+00
4.822344723260332811e-01 4.109522900650250499e+00
4.853760649796230453e-01 4.441279278033442246e+00
4.885176576332128651e-01 4.273535354929478558e+00
4.916592502868026848e-01 4.164697619886765345e+00
4.948008429403924491e-01 4.522655915959508555e+00
4.979424355939822133e-01 3.790277861892252798e+00
5.010840282475720331e-01 4.515373125154506617e+00
5.042256209011618528e-01 3.937436998371739882e+00
5.073672135547515616e-01 3.483651726080565503e+00
5.105088062083413813e-01 3.380506253729468114e+00
5.136503988619312011e-01 3.756067527547548579e+00
5.167919915155210209e-01 4.041819908716440146e+00
5.199335841691108406e-01 3.833870125600097545e+00
5.230751768227005494e-01 3.907228513951610971e+00
5.262167694762903691e-01 4.233350235945718687e+00
5.293583621298801889e-01 3.012041360810514323e+00
5.324999547834698976e-01 3.349977394402121611e+00
5.356415474370597174e-01 3.796038067039724240e+00
5.387831400906495372e-01 3.519196028126287512e+00
5.419247327442393569e-01 3.367749763027502841e+00
5.450663253978291767e-01 4.127492164781853212e+00
5.482079180514189964e-01 3.615316993581476179e+00
5.513495107050087052e-01 3.852733419680197002e+00
5.544911033585985249e-01 3.517757971292167607e+00
5.576326960121883447e-01 3.079287852240319090e+00
5.607742886657780534e-01 3.396536876532837201e+00
5.639158813193678732e-01 3.270592663529475974e+00
5.670574739729576930e-01 3.601291117260310148e+00
5.701990666265475127e-01 3.656154996306641980e+00
5.733406592801373325e-01 3.454334013139617632e+00
5.764822519337270412e-01 2.987887280416978708e+00
5.796238445873168610e-01 3.719739026629879763e+00
5.827654372409066807e-01 3.636900034958717498e+00
5.859070298944963895e-01 4.380515748272135745e+00
5.890486225480862092e-01 4.063474977794533594e+00
5.921902152016760290e-01 3.813673730584082655e+00
5.953318078552658488e-01 3.605119079637598478e+00
5.984734005088556685e-01 3.217908462980790141e+00
6.016149931624453773e-01 3.569856638461536225e+00
6.047565858160351970e-01 2.730990000080936397e+00
6.078981784696250168e-01 3.290050937071423931e+00
6.110397711232148366e-01 3.591809467461252847e+00
6.141813637768045453e-01 3.002940103910400005e+00
6.173229564303943651e-01 3.335665938763761940e+00
6.204645490839841848e-01 2.788993854521077509e+00
6.236061417375740046e-01 3.133266367741076142e+00
6.267477343911638243e-01 3.309757836017792609e+00
6.298893270447535331e-01 3.522607540250891844e+00
6.330309196983433528e-01 3.555269466995295335e+00
6.361725123519331726e-01 3.076703640242018700e+00
6.393141050055228813e-01 2.768024735944773607e+00
6.424556976591127011e-01 3.500915854145389083e+00
6.455972903127025209e-01 3.323053398513630796e+00
6.487388829662923406e-01 3.061763587052245050e+00
6.518804756198821604e-01 3.575087208754603285e+00
6.550220682734718691e-01 3.119281371760462829e+00
6.581636609270616889e-01 3.444361367733519863e+00
6.613052535806515086e-01 3.282989294923714940e+00
6.644468462342412174e-01 2.971680994243466323e+00
6.675884388878310371e-01 3.456111038692552206e+00
6.707300315414208569e-01 3.021941659228967403e+00
6.738716241950106767e-01 3.297467386258014610e+00
6.770132168486004964e-01 3.051554824858921489e+00
6.801548095021903162e-01 2.873822711657067153e+00
6.832964021557800249e-01 3.284798241922086248e+00
6.864379948093698447e-01 2.949642204642540566e+00
6.895795874629596645e-01 2.848131910434300806e+00
6.927211801165493732e-01 2.971362966310951315e+00
6.958627727701391930e-01 3.320820428247384104e+00
6.990043654237290127e-01 3.109833569219011107e+00
7.021459580773188325e-01 3.173276878034365200e+00
7.052875507309086522e-01 3.093212533789596819e+00
7.084291433844983610e-01 2.899612563469901261e+00
7.115707360380881807e-01 3.076708814794930635e+00
7.147123286916780005e-01 2.996860249327816028e+00
7.178539213452677092e-01 2.907738162818872318e+00
7.209955139988575290e-01 2.915123255541119729e+00
7.241371066524473488e-01 2.866763485043569482e+00
7.272786993060371685e-01 2.995506972192932604e+00
7.304202919596269883e-01 2.804531359756630149e+00
7.335618846132166970e-01 3.243532299697808430e+00
7.367034772668065168e-01 3.074504982904951333e+00
7.398450699203963365e-01 3.210189789740611754e+00
7.429866625739861563e-01 2.969229409032686728e+00
7.461282552275758650e-01 3.076907402466317443e+00
7.492698478811656848e-01 2.871305139466291401e+00
7.524114405347555046e-01 2.952042041833049524e+00
7.555530331883453243e-01 2.923684538996830007e+00
7.586946258419351441e-01 2.798827839150111352e+00
7.618362184955248528e-01 3.078866147080599802e+00
7.649778111491146726e-01 3.209010311496788503e+00
7.681194038027044924e-01 2.871264567389948841e+00
7.712609964562942011e-01 2.978082284260596069e+00
7.744025891098840209e-01 3.160847582306213877e+00
7.775441817634738406e-01 3.220411856602656275e+00
7.806857744170636604e-01 3.168863705579446410e+00
7.838273670706534801e-01 3.154078322105232868e+00
7.869689597242431889e-01 2.935376451820128185e+00
7.901105523778330086e-01 2.705401997151181348e+00
7.932521450314228284e-01 2.909226059383278606e+00
7.963937376850125371e-01 3.094309349159737987e+00
7.995353303386023569e-01 2.801298430245979354e+00
8.026769229921921767e-01 2.821082837901531359e+00
8.058185156457819964e-01 2.996613139044661533e+00
8.089601082993718162e-01 2.816509275004143831e+00
8.121017009529616359e-01 2.878839403398437025e+00
8.152432936065513447e-01 2.875184992409232532e+00
8.183848862601411644e-01 2.487314392327987456e+00
8.215264789137309842e-01 2.936005424663993502e+00
8.246680715673206929e-01 2.806292097879278469e+00
8.278096642209105127e-01 2.612130991588900830e+00
8.309512568745003325e-01 2.867576687490130283e+00
8.340928495280901522e-01 2.859982620791652330e+00
8.372344421816799720e-01 2.807947705060767518e+00
8.403760348352696807e-01 3.024612974510425101e+00
8.435176274888595005e-01 3.001046914065366167e+00
8.466592201424493203e-01 2.852314913155470588e+00
8.498008127960390290e-01 2.702266266651088156e+00
8.529424054496288488e-01 2.733049370816774903e+00
8.560839981032186685e-01 2.762079697163950076e+00
8.592255907568084883e-01 2.855509344523961879e+00
8.623671834103983080e-01 2.709907475048917380e+00
8.655087760639880168e-01 2.641789027972599513e+00
8.686503687175778365e-01 2.636847405825926582e+00
8.717919613711676563e-01 3.001457931797075762e+00
8.749335540247574761e-01 2.771492343234106759e+00
8.780751466783471848e-01 2.533883126611189418e+00
8.812167393319370046e-01 2.374437489768814746e+00
8.843583319855268243e-01 2.686384433595873755e+00
8.874999246391166441e-01 2.698570372937806106e+00
8.906415172927064638e-01 2.593832360213774724e+00
8.937831099462961726e-01 2.656015822477848509e+00
8.969247025998859923e-01 2.546389978838443646e+00
9.000662952534758121e-01 2.867216670906576947e+00
9.032078879070655208e-01 2.732124388325961828e+00
