4.712388980384689743e-03 1.149465290715144147e+04
7.853981633974483484e-03 1.713561959134615245e+04
1.099557428756427549e-02 1.873613882211538294e+04
1.413716694115407096e-02 2.105852584134615245e+04
1.727875959474386297e-02 2.062152674278846098e+04
2.042035224833365498e-02 1.990158007812500000e+04
2.356194490192345045e-02 1.920721153846153902e+04
2.670353755551324246e-02 1.782112875600961706e+04
2.984513020910303793e-02 1.662913701923076951e+04
3.298672286269282994e-02 1.533178500600961524e+04
3.612831551628262194e-02 1.392492758413461524e+04
3.926990816987241395e-02 1.308199368990384573e+04
4.241150082346220596e-02 1.211878004807692378e+04
4.555309347705200490e-02 1.125885276442307622e+04
4.869468613064179691e-02 1.048608128004807622e+04
5.183627878423158891e-02 1.001148227163461524e+04
5.497787143782138092e-02 9.805600661057691468e+03
5.811946409141117986e-02 9.379491135817308532e+03
6.126105674500097187e-02 8.957389272836539021e+03
6.440264939859076387e-02 8.564479792668269511e+03
6.754424205218055588e-02 8.383746281550480489e+03
7.068583470577034789e-02 8.066587853064904266e+03
7.382742735936013989e-02 7.664183368389422867e+03
7.696902001294993190e-02 7.298927546574519511e+03
8.011061266653972390e-02 6.876788611778845734e+03
8.325220532012952979e-02 6.536192720853365245e+03
8.639379797371932179e-02 6.120638446514422867e+03
8.953539062730911380e-02 5.794375600961538112e+03
9.267698328089890580e-02 5.412548602764422867e+03
9.581857593448869781e-02 5.083213378906250000e+03
9.896016858807848982e-02 4.874673940805288112e+03
1.021017612416682818e-01 4.606567345252404266e+03
1.052433538952580738e-01 4.418510479266827133e+03
1.083849465488478658e-01 4.256348783052884755e+03
1.115265392024376578e-01 4.117561636117788112e+03
1.146681318560274498e-01 4.019076678936297867e+03
1.178097245096172418e-01 3.936236365685096189e+03
1.209513171632070477e-01 3.828092416616586434e+03
1.240929098167968397e-01 3.749199087289663566e+03
1.272345024703866456e-01 3.663436711237980944e+03
1.303760951239764099e-01 3.580280066856971189e+03
1.335176877775662296e-01 3.467350736177884755e+03
1.366592804311559939e-01 3.359517634465144056e+03
1.398008730847458136e-01 3.252598088191105944e+03
1.429424657383355779e-01 3.134226956881009755e+03
1.460840583919253977e-01 3.013737304687500000e+03
1.492256510455151619e-01 2.901269456129807622e+03
1.523672436991049817e-01 2.789728365384615245e+03
1.555088363526947459e-01 2.687160006009615245e+03
1.586504290062845657e-01 2.588296123798077133e+03
1.617920216598743299e-01 2.514727971003605944e+03
1.649336143134641497e-01 2.440948392427884755e+03
1.680752069670539417e-01 2.372238731971153811e+03
1.712167996206437337e-01 2.302071176382211434e+03
1.743583922742335535e-01 2.254682635967547867e+03
1.774999849278233177e-01 2.204679311899038566e+03
1.806415775814131375e-01 2.170231670673077133e+03
1.837831702350029017e-01 2.128341233473557622e+03
1.869247628885927215e-01 2.092188457782452133e+03
1.900663555421824857e-01 2.049927931565504878e+03
1.932079481957723055e-01 2.010244657076322028e+03
1.963495408493620697e-01 1.970337524414062500e+03
1.994911335029518895e-01 1.926232637845552972e+03
2.026327261565416538e-01 1.882969097430889406e+03
2.057743188101314735e-01 1.840862708458533689e+03
2.089159114637212378e-01 1.797651367187500000e+03
2.120575041173110575e-01 1.753515887920673094e+03
2.151990967709008218e-01 1.714240159254807622e+03
2.183406894244906415e-01 1.669070350060096189e+03
2.214822820780804058e-01 1.636264009915865472e+03
2.246238747316702256e-01 1.603697453425480717e+03
2.277654673852599898e-01 1.566945303109976066e+03
2.309070600388498096e-01 1.536881460336538566e+03
2.340486526924396016e-01 1.508048950195312500e+03
2.371902453460293936e-01 1.480196429912860594e+03
2.403318379996192133e-01 1.453754751352163566e+03
2.434734306532089776e-01 1.431896597055288566e+03
2.466150233067987974e-01 1.410597703200120122e+03
2.497566159603885616e-01 1.389261437049278811e+03
2.528982086139783814e-01 1.368154221754807622e+03
2.560398012675681456e-01 1.343854820838341311e+03
2.591813939211579099e-01 1.324644935021033689e+03
2.623229865747477296e-01 1.300387263371394283e+03
2.654645792283375494e-01 1.283844829852764406e+03
2.686061718819273136e-01 1.261602858323317378e+03
2.717477645355171334e-01 1.239273183969351066e+03
2.748893571891068976e-01 1.220455425555889406e+03
2.780309498426967174e-01 1.200060190054086434e+03
2.811725424962865372e-01 1.181992657001201906e+03
2.843141351498763014e-01 1.163568190354567378e+03
2.874557278034660657e-01 1.147162222055288566e+03
2.905973204570558854e-01 1.130438363882211434e+03
2.937389131106457052e-01 1.113261399489182622e+03
2.968805057642354694e-01 1.096349055363581783e+03
3.000220984178252337e-01 1.080872755784254878e+03
3.031636910714150535e-01 1.067000572791466311e+03
3.063052837250048732e-01 1.052537945087139406e+03
3.094468763785946375e-01 1.039846078725961434e+03
3.125884690321844017e-01 1.027438946063701906e+03
3.157300616857742215e-01 1.013663165752704344e+03
3.188716543393640412e-01 1.002233769343449467e+03
3.220132469929538055e-01 9.883913621168869668e+02
3.251548396465435697e-01 9.758277775691105944e+02
3.282964323001333895e-01 9.647457275390625000e+02
3.314380249537232093e-01 9.533255756084735140e+02
3.345796176073129735e-01 9.421533156174880332e+02
3.377212102609027933e-01 9.288577035757211888e+02
3.408628029144925575e-01 9.181256338266225612e+02
3.440043955680823773e-01 9.076359910231369668e+02
3.471459882216721970e-01 8.956636915940505332e+02
3.502875808752619613e-01 8.874696373572716084e+02
3.534291735288517255e-01 8.764827129657452360e+02
3.565707661824415453e-01 8.681606398362380332e+02
3.597123588360313651e-01 8.576922231820913112e+02
3.628539514896211293e-01 8.470425133338341084e+02
3.659955441432108936e-01 8.381754244290865472e+02
3.691371367968007133e-01 8.299426316481369668e+02
3.722787294503905331e-01 8.203206364558293444e+02
3.754203221039802973e-01 8.114967980018028584e+02
3.785619147575700616e-01 8.045544574444110140e+02
3.817035074111598814e-01 7.968413132887619668e+02
3.848451000647497011e-01 7.891420992337740472e+02
3.879866927183394654e-01 7.811328500600961888e+02
3.911282853719292296e-01 7.730996704101562500e+02
3.942698780255190494e-01 7.655575138972355944e+02
3.974114706791088691e-01 7.580165405273437500e+02
4.005530633326986334e-01 7.502036696213942832e+02
4.036946559862884532e-01 7.432914569561297640e+02
4.068362486398782174e-01 7.383301109900841084e+02
4.099778412934680372e-01 7.304493736853966084e+02
4.131194339470578569e-01 7.238042179987980944e+02
4.162610266006476212e-01 7.173322519155649388e+02
4.194026192542373854e-01 7.100118830754206556e+02
4.225442119078272052e-01 7.043620840219350612e+02
4.256858045614170249e-01 6.961480102539062500e+02
4.288273972150067892e-01 6.904559232271634528e+02
4.319689898685965534e-01 6.857720383864182168e+02
4.351105825221863732e-01 6.786827251727764860e+02
4.382521751757761930e-01 6.744196918194110140e+02
4.413937678293659572e-01 6.681374840369591084e+02
4.445353604829557215e-01 6.620548330453725612e+02
4.476769531365455412e-01 6.571276198167067832e+02
4.508185457901353610e-01 6.518494544396033916e+02
4.539601384437251252e-01 6.466512638972355944e+02
4.571017310973148895e-01 6.414048039362980944e+02
4.602433237509047093e-01 6.365928344726562500e+02
4.633849164044945290e-01 6.317152428260216084e+02
4.665265090580842933e-01 6.263983999399038112e+02
4.696681017116741130e-01 6.214658813476562500e+02
4.728096943652638773e-01 6.173097768930288112e+02
4.759512870188536970e-01 6.128466515174278584e+02
4.790928796724435168e-01 6.076207510141225612e+02
4.822344723260332811e-01 6.024866661658653584e+02
4.853760649796230453e-01 5.983669856144831556e+02
4.885176576332128651e-01 5.944095881535456556e+02
4.916592502868026848e-01 5.907017164963942832e+02
4.948008429403924491e-01 5.860336773212139860e+02
4.979424355939822133e-01 5.817229895958533916e+02
5.010840282475720331e-01 5.781578463040865472e+02
5.042256209011618528e-01 5.731994863656850612e+02
5.073672135547515616e-01 5.690066950871394056e+02
5.105088062083413813e-01 5.667873676006610140e+02
5.136503988619312011e-01 5.622542959359975612e+02
5.167919915155210209e-01 5.582135760967547640e+02
5.199335841691108406e-01 5.549902813251202360e+02
5.230751768227005494e-01 5.507827664888822028e+02
5.262167694762903691e-01 5.471701613206130332e+02
5.293583621298801889e-01 5.438059363731971416e+02
5.324999547834698976e-01 5.405828294020432168e+02
5.356415474370597174e-01 5.365103525015024388e+02
5.387831400906495372e-01 5.332199190579927972e+02
5.419247327442393569e-01 5.298175565279447028e+02
5.450663253978291767e-01 5.261691237229567832e+02
5.482079180514189964e-01 5.233813030536358610e+02
5.513495107050087052e-01 5.195971609262319362e+02
5.544911033585985249e-01 5.162982553335336888e+02
5.576326960121883447e-01 5.142467322716346416e+02
5.607742886657780534e-01 5.109503455528846416e+02
5.639158813193678732e-01 5.074908447265625000e+02
5.670574739729576930e-01 5.043149179311898820e+02
5.701990666265475127e-01 5.015630446213942264e+02
5.733406592801373325e-01 4.991839623084434834e+02
5.764822519337270412e-01 4.959484299879807736e+02
5.796238445873168610e-01 4.930130051832932736e+02
5.827654372409066807e-01 4.901813823993389292e+02
5.859070298944963895e-01 4.881177109938401486e+02
5.890486225480862092e-01 4.849255253718449694e+02
5.921902152016760290e-01 4.826218919020432736e+02
5.953318078552658488e-01 4.793484896146334222e+02
5.984734005088556685e-01 4.770519620455228278e+02
6.016149931624453773e-01 4.745480018028846416e+02
6.047565858160351970e-01 4.720920738807091084e+02
6.078981784696250168e-01 4.694049799992487806e+02
6.110397711232148366e-01 4.667868675818809834e+02
6.141813637768045453e-01 4.642200763408954458e+02
6.173229564303943651e-01 4.619892601600059834e+02
6.204645490839841848e-01 4.596433199368990472e+02
6.236061417375740046e-01 4.570356351412259528e+02
6.267477343911638243e-01 4.549214054987980944e+02
6.298893270447535331e-01 4.524492492675781250e+02
6.330309196983433528e-01 4.497794846754807736e+02
6.361725123519331726e-01 4.477265977125901486e+02
6.393141050055228813e-01 4.454193115234375000e+02
6.424556976591127011e-01 4.436485525277944930e+02
6.455972903127025209e-01 4.410796508789062500e+02
6.487388829662923406e-01 4.394573129507211320e+02
6.518804756198821604e-01 4.372127779447115472e+02
6.550220682734718691e-01 4.351818683330829458e+02
6.581636609270616889e-01 4.330348862868088986e+02
6.613052535806515086e-01 4.304785085824819930e+02
6.644468462342412174e-01 4.289564091609074694e+02
6.675884388878310371e-01 4.268100515512319930e+02
6.707300315414208569e-01 4.246609074519230944e+02
6.738716241950106767e-01 4.224796612079326792e+02
6.770132168486004964e-01 4.210414780836838986e+02
6.801548095021903162e-01 4.189179781400240472e+02
6.832964021557800249e-01 4.166862299992487806e+02
6.864379948093698447e-01 4.153914466271033916e+02
6.895795874629596645e-01 4.130088195800781250e+02
6.927211801165493732e-01 4.114079871544471416e+02
6.958627727701391930e-01 4.095965810922476180e+02
6.990043654237290127e-01 4.075754817082331556e+02
7.021459580773188325e-01 4.060429570124699694e+02
7.052875507309086522e-01 4.042223088191105944e+02
7.084291433844983610e-01 4.025438842773437500e+02
7.115707360380881807e-01 4.009249455378605944e+02
7.147123286916780005e-01 3.989100318321815166e+02
7.178539213452677092e-01 3.972122826209434834e+02
7.209955139988575290e-01 3.954646770770733042e+02
7.241371066524473488e-01 3.939604304387019056e+02
7.272786993060371685e-01 3.922888934795673208e+02
7.304202919596269883e-01 3.909324692946213986e+02
7.335618846132166970e-01 3.888327143742487806e+02
7.367034772668065168e-01 3.878831974909855944e+02
7.398450699203963365e-01 3.859451880821815166e+02
7.429866625739861563e-01 3.844367323655348514e+02
7.461282552275758650e-01 3.830738736666165778e+02
7.492698478811656848e-01 3.813967120830829458e+02
7.524114405347555046e-01 3.797244121844951792e+02
7.555530331883453243e-01 3.782499389648437500e+02
7.586946258419351441e-01 3.766000647911658916e+02
7.618362184955248528e-01 3.752380112868088986e+02
7.649778111491146726e-01 3.734697875976562500e+02
7.681194038027044924e-01 3.721619145320012194e+02
7.712609964562942011e-01 3.707483919583834222e+02
7.744025891098840209e-01 3.695733431302584222e+02
7.775441817634738406e-01 3.679991173377403584e+02
7.806857744170636604e-01 3.665067655123197028e+02
7.838273670706534801e-01 3.654130084698016958e+02
7.869689597242431889e-01 3.637418917142427972e+02
7.901105523778330086e-01 3.624080481896033916e+02
7.932521450314228284e-01 3.610296982985276486e+02
7.963937376850125371e-01 3.598748614971454458e+02
7.995353303386023569e-01 3.582216562124398820e+02
8.026769229921921767e-01 3.573250779371995236e+02
8.058185156457819964e-01 3.561294227013221416e+02
8.089601082993718162e-01 3.545258530836838986e+02
8.121017009529616359e-01 3.531616962139423208e+02
8.152432936065513447e-01 3.517784165602463986e+02
8.183848862601411644e-01 3.510203833946815166e+02
8.215264789137309842e-01 3.495411869929387194e+02
8.246680715673206929e-01 3.481703843336838986e+02
8.278096642209105127e-01 3.474081162672776486e+02
8.309512568745003325e-01 3.457242478590745236e+02
8.340928495280901522e-01 3.445039485051081556e+02
8.372344421816799720e-01 3.435455087515023820e+02
8.403760348352696807e-01 3.421449561485877666e+02
8.435176274888595005e-01 3.410646925706129764e+02
8.466592201424493203e-01 3.398723144531250000e+02
8.498008127960390290e-01 3.388713472806490472e+02
8.529424054496288488e-01 3.375860008826622334e+02
8.560839981032186685e-01 3.366534259502704458e+02
8.592255907568084883e-01 3.354539724496694930e+02
8.623671834103983080e-01 3.341867182804987806e+02
8.655087760639880168e-01 3.331423973670372334e+02
8.686503687175778365e-01 3.317919640174278584e+02
8.717919613711676563e-01 3.305612910344050306e+02
8.749335540247574761e-01 3.300210923414963986e+02
8.780751466783471848e-01 3.288465153620793444e+02
8.812167393319370046e-01 3.275574786846454458e+02
8.843583319855268243e-01 3.265632723294771722e+02
8.874999246391166441e-01 3.254423875075120236e+02
8.906415172927064638e-01 3.243567504882812500e+02
8.937831099462961726e-01 3.235669485238882430e+02
8.969247025998859923e-01 3.224020996093750000e+02
9.000662952534758121e-01 3.214337557279146722e+02
9.032078879070655208e-01 3.205552133413461320e+02
