1.570796326794896653e-03 5.753346313476562500e+03
4.712388980384689743e-03 8.028619059244791970e+03
7.853981633974483484e-03 1.175079679361979106e+04
1.099557428756427549e-02 1.294736669921875000e+04
1.413716694115407096e-02 1.468702311197916606e+04
1.727875959474386297e-02 1.434908959960937500e+04
2.042035224833365498e-02 1.385531884765625000e+04
2.356194490192345045e-02 1.333494897460937500e+04
2.670353755551324246e-02 1.241102229817708394e+04
2.984513020910303793e-02 1.153461059570312500e+04
3.298672286269282994e-02 1.061671085611979106e+04
3.612831551628262194e-02 9.610410400390625000e+03
3.926990816987241395e-02 9.045265136718750000e+03
4.241150082346220596e-02 8.343604899088541060e+03
4.555309347705200490e-02 7.780239664713541970e+03
4.869468613064179691e-02 7.222018595377604470e+03
5.183627878423158891e-02 6.924328450520833030e+03
5.497787143782138092e-02 6.757282267252604470e+03
5.811946409141117986e-02 6.464298095703125000e+03
6.126105674500097187e-02 6.172381591796875000e+03
6.440264939859076387e-02 5.903759806315104470e+03
6.754424205218055588e-02 5.771188842773437500e+03
7.068583470577034789e-02 5.559453369140625000e+03
7.382742735936013989e-02 5.259857706705729470e+03
7.696902001294993190e-02 5.016378133138020530e+03
8.011061266653972390e-02 4.724079264322916970e+03
8.325220532012952979e-02 4.478212809244791970e+03
8.639379797371932179e-02 4.193054850260416970e+03
8.953539062730911380e-02 3.959305704752604015e+03
9.267698328089890580e-02 3.708680379231770985e+03
9.581857593448869781e-02 3.481072224934895985e+03
9.896016858807848982e-02 3.338420003255208485e+03
1.021017612416682818e-01 3.147635335286458485e+03
1.052433538952580738e-01 3.011425720214843750e+03
1.083849465488478658e-01 2.901276448567708485e+03
1.115265392024376578e-01 2.802710367838541515e+03
1.146681318560274498e-01 2.734462524414062500e+03
1.178097245096172418e-01 2.677828938802083485e+03
1.209513171632070477e-01 2.602169962565104015e+03
1.240929098167968397e-01 2.546887715657552235e+03
1.272345024703866456e-01 2.486060831705729015e+03
1.303760951239764099e-01 2.428570780436197765e+03
1.335176877775662296e-01 2.350115091959635265e+03
1.366592804311559939e-01 2.275829976399739735e+03
1.398008730847458136e-01 2.202221374511718750e+03
1.429424657383355779e-01 2.120295572916666515e+03
1.460840583919253977e-01 2.037105255126953125e+03
1.492256510455151619e-01 1.962254659016927008e+03
1.523672436991049817e-01 1.881676920572916742e+03
1.555088363526947459e-01 1.811829355875651117e+03
1.586504290062845657e-01 1.745564707438151117e+03
1.617920216598743299e-01 1.693901000976562500e+03
1.649336143134641497e-01 1.642698811848958258e+03
1.680752069670539417e-01 1.595186665852864508e+03
1.712167996206437337e-01 1.546268971761067633e+03
1.743583922742335535e-01 1.515435282389322992e+03
1.774999849278233177e-01 1.478885070800781250e+03
1.806415775814131375e-01 1.455893910725911383e+03
1.837831702350029017e-01 1.427554951985677008e+03
1.869247628885927215e-01 1.400914693196614508e+03
1.900663555421824857e-01 1.373131093343098883e+03
1.932079481957723055e-01 1.344721964518229242e+03
1.963495408493620697e-01 1.316775970458984375e+03
1.994911335029518895e-01 1.286250406901041742e+03
2.026327261565416538e-01 1.256724853515625000e+03
2.057743188101314735e-01 1.227870432535807367e+03
2.089159114637212378e-01 1.198052408854166742e+03
2.120575041173110575e-01 1.167887725830078125e+03
2.151990967709008218e-01 1.141887959798177008e+03
2.183406894244906415e-01 1.109821492513020758e+03
2.214822820780804058e-01 1.088422902425130133e+03
2.246238747316702256e-01 1.064050577799479242e+03
2.277654673852599898e-01 1.040023610432942633e+03
2.309070600388498096e-01 1.019897191365559934e+03
2.340486526924396016e-01 9.991961364746093750e+02
2.371902453460293936e-01 9.800947774251302462e+02
2.403318379996192133e-01 9.630863342285156250e+02
2.434734306532089776e-01 9.470663401285806913e+02
2.466150233067987974e-01 9.329165293375650663e+02
2.497566159603885616e-01 9.187719980875650663e+02
2.528982086139783814e-01 9.033996887207031250e+02
2.560398012675681456e-01 8.879239807128906250e+02
2.591813939211579099e-01 8.734284566243489962e+02
2.623229865747477296e-01 8.573346303304036837e+02
2.654645792283375494e-01 8.458954976399739962e+02
2.686061718819273136e-01 8.308781331380208712e+02
2.717477645355171334e-01 8.155625203450521212e+02
2.748893571891068976e-01 8.026744740804036837e+02
2.780309498426967174e-01 7.887317301432291288e+02
2.811725424962865372e-01 7.764722035725911837e+02
2.843141351498763014e-01 7.639680887858072538e+02
2.874557278034660657e-01 7.523187204996744413e+02
2.905973204570558854e-01 7.411547648111978788e+02
2.937389131106457052e-01 7.293954722086588163e+02
2.968805057642354694e-01 7.178016408284505587e+02
3.000220984178252337e-01 7.073712310791015625e+02
3.031636910714150535e-01 6.986509450276693087e+02
3.063052837250048732e-01 6.880734507242838163e+02
3.094468763785946375e-01 6.792448832194010038e+02
3.125884690321844017e-01 6.709546712239583712e+02
3.157300616857742215e-01 6.617238515218099337e+02
3.188716543393640412e-01 6.540007120768228788e+02
3.220132469929538055e-01 6.444599253336588163e+02
3.251548396465435697e-01 6.362201080322265625e+02
3.282964323001333895e-01 6.285061696370443087e+02
3.314380249537232093e-01 6.204937082926431913e+02
3.345796176073129735e-01 6.131451161702474337e+02
3.377212102609027933e-01 6.040168813069661837e+02
3.408628029144925575e-01 5.966083068847656250e+02
3.440043955680823773e-01 5.895368855794271212e+02
3.471459882216721970e-01 5.816879069010416288e+02
3.502875808752619613e-01 5.761504364013671875e+02
3.534291735288517255e-01 5.685328776041666288e+02
3.565707661824415453e-01 5.624849446614583712e+02
3.597123588360313651e-01 5.555922597249349337e+02
3.628539514896211293e-01 5.485715281168619413e+02
3.659955441432108936e-01 5.426459859212239962e+02
3.691371367968007133e-01 5.363447621663411837e+02
3.722787294503905331e-01 5.303611551920572538e+02
3.754203221039802973e-01 5.244640401204427462e+02
3.785619147575700616e-01 5.199250335693359375e+02
3.817035074111598814e-01 5.143564707438150663e+02
3.848451000647497011e-01 5.091764475504557481e+02
3.879866927183394654e-01 5.037231292724609375e+02
3.911282853719292296e-01 4.982236684163411269e+02
3.942698780255190494e-01 4.930142059326171875e+02
3.974114706791088691e-01 4.880289789835612169e+02
4.005530633326986334e-01 4.826350326538085938e+02
4.036946559862884532e-01 4.784158299763997206e+02
4.068362486398782174e-01 4.746758626302083144e+02
4.099778412934680372e-01 4.692872645060221544e+02
4.131194339470578569e-01 4.649690373738606581e+02
4.162610266006476212e-01 4.606230138142903456e+02
4.194026192542373854e-01 4.556748911539713731e+02
4.225442119078272052e-01 4.517275034586588731e+02
4.256858045614170249e-01 4.461756769816080919e+02
4.288273972150067892e-01 4.424962819417317519e+02
4.319689898685965534e-01 4.392206726074218750e+02
4.351105825221863732e-01 4.343469136555989394e+02
4.382521751757761930e-01 4.316566569010416856e+02
4.413937678293659572e-01 4.276867879231770644e+02
4.445353604829557215e-01 4.234105733235676894e+02
4.476769531365455412e-01 4.201193873087565294e+02
4.508185457901353610e-01 4.163571472167968750e+02
4.539601384437251252e-01 4.132163238525390625e+02
4.571017310973148895e-01 4.094204050699869981e+02
4.602433237509047093e-01 4.059886093139648438e+02
4.633849164044945290e-01 4.028804143269856581e+02
4.665265090580842933e-01 3.991243286132812500e+02
4.696681017116741130e-01 3.958403091430664062e+02
4.728096943652638773e-01 3.930876032511393419e+02
4.759512870188536970e-01 3.900176595052083144e+02
4.790928796724435168e-01 3.867346191406250000e+02
4.822344723260332811e-01 3.835190658569335938e+02
4.853760649796230453e-01 3.807842661539713731e+02
4.885176576332128651e-01 3.779455413818359375e+02
4.916592502868026848e-01 3.754008611043294081e+02
4.948008429403924491e-01 3.721463063557942519e+02
4.979424355939822133e-01 3.691310628255208144e+02
5.010840282475720331e-01 3.669214884440104356e+02
5.042256209011618528e-01 3.635691223144531250e+02
5.073672135547515616e-01 3.609725240071614394e+02
5.105088062083413813e-01 3.591662750244140625e+02
5.136503988619312011e-01 3.562015482584635606e+02
5.167919915155210209e-01 3.535708007812500000e+02
5.199335841691108406e-01 3.511230010986328125e+02
5.230751768227005494e-01 3.483935775756835938e+02
5.262167694762903691e-01 3.461150690714518419e+02
5.293583621298801889e-01 3.438065414428710938e+02
5.324999547834698976e-01 3.414480133056640625e+02
5.356415474370597174e-01 3.388631820678710938e+02
5.387831400906495372e-01 3.366487782796223769e+02
5.419247327442393569e-01 3.344993336995442519e+02
5.450663253978291767e-01 3.319509251912434706e+02
5.482079180514189964e-01 3.299239527384440294e+02
5.513495107050087052e-01 3.277152913411458144e+02
5.544911033585985249e-01 3.253956832885742188e+02
5.576326960121883447e-01 3.239578247070312500e+02
5.607742886657780534e-01 3.218885676066080919e+02
5.639158813193678732e-01 3.194640299479166856e+02
5.670574739729576930e-01 3.173101654052734375e+02
5.701990666265475127e-01 3.154450429280598769e+02
5.733406592801373325e-01 3.136701838175455919e+02
5.764822519337270412e-01 3.117433090209960938e+02
5.796238445873168610e-01 3.098166656494140625e+02
5.827654372409066807e-01 3.078366317749023438e+02
5.859070298944963895e-01 3.064107055664062500e+02
5.890486225480862092e-01 3.043765640258789062e+02
5.921902152016760290e-01 3.028617350260416856e+02
5.953318078552658488e-01 3.006990915934244981e+02
5.984734005088556685e-01 2.990322189331054688e+02
6.016149931624453773e-01 2.973297958374023438e+02
6.047565858160351970e-01 2.956925379435221544e+02
6.078981784696250168e-01 2.938354975382487169e+02
6.110397711232148366e-01 2.922415135701497206e+02
6.141813637768045453e-01 2.905013173421223769e+02
6.173229564303943651e-01 2.890737355550130019e+02
6.204645490839841848e-01 2.874619776407877794e+02
6.236061417375740046e-01 2.855788141886393419e+02
6.267477343911638243e-01 2.841803436279296875e+02
6.298893270447535331e-01 2.825845438639323106e+02
6.330309196983433528e-01 2.809548390706380019e+02
6.361725123519331726e-01 2.795461603800455919e+02
6.393141050055228813e-01 2.779551086425781250e+02
6.424556976591127011e-01 2.767578786214192519e+02
6.455972903127025209e-01 2.751400578816731581e+02
6.487388829662923406e-01 2.739670995076497206e+02
6.518804756198821604e-01 2.723655420939127794e+02
6.550220682734718691e-01 2.709960632324218750e+02
6.581636609270616889e-01 2.695455602010090956e+02
6.613052535806515086e-01 2.680760726928710938e+02
6.644468462342412174e-01 2.668027114868164062e+02
6.675884388878310371e-01 2.654164683024088731e+02
6.707300315414208569e-01 2.640210622151692519e+02
6.738716241950106767e-01 2.626241811116536269e+02
6.770132168486004964e-01 2.616654434204101562e+02
6.801548095021903162e-01 2.600878626505534044e+02
6.832964021557800249e-01 2.587011133829752794e+02
6.864379948093698447e-01 2.578256835937500000e+02
6.895795874629596645e-01 2.562721239725748887e+02
6.927211801165493732e-01 2.551958796183268134e+02
6.958627727701391930e-01 2.540446103413899834e+02
6.990043654237290127e-01 2.526320762634277344e+02
7.021459580773188325e-01 2.517048250834147041e+02
7.052875507309086522e-01 2.503740946451822822e+02
7.084291433844983610e-01 2.491956469217936103e+02
7.115707360380881807e-01 2.482289594014485772e+02
7.147123286916780005e-01 2.468609886169433594e+02
7.178539213452677092e-01 2.457861887613932197e+02
7.209955139988575290e-01 2.446286379496256416e+02
7.241371066524473488e-01 2.436347999572753906e+02
7.272786993060371685e-01 2.424703966776529853e+02
7.304202919596269883e-01 2.414918810526529853e+02
7.335618846132166970e-01 2.401547012329101562e+02
7.367034772668065168e-01 2.396006762186686103e+02
7.398450699203963365e-01 2.382559420267740791e+02
7.429866625739861563e-01 2.371905733744303291e+02
7.461282552275758650e-01 2.361857058207193916e+02
7.492698478811656848e-01 2.352127532958984375e+02
7.524114405347555046e-01 2.340933939615885322e+02
7.555530331883453243e-01 2.331108945210774834e+02
7.586946258419351441e-01 2.320511144002278741e+02
7.618362184955248528e-01 2.310599784851074219e+02
7.649778111491146726e-01 2.299189033508300781e+02
7.681194038027044924e-01 2.289927698771158759e+02
7.712609964562942011e-01 2.280683008829752509e+02
7.744025891098840209e-01 2.273287734985351562e+02
7.775441817634738406e-01 2.262137056986490791e+02
7.806857744170636604e-01 2.251313896179199219e+02
7.838273670706534801e-01 2.244924837748209541e+02
7.869689597242431889e-01 2.234259211222330634e+02
7.901105523778330086e-01 2.225429280598958428e+02
7.932521450314228284e-01 2.216779530843099053e+02
7.963937376850125371e-01 2.208478050231933594e+02
7.995353303386023569e-01 2.198656272888183594e+02
8.026769229921921767e-01 2.190617230733235772e+02
8.058185156457819964e-01 2.183289680480957031e+02
8.089601082993718162e-01 2.173749758402506416e+02
8.121017009529616359e-01 2.164487024943033759e+02
8.152432936065513447e-01 2.156194521586100166e+02
8.183848862601411644e-01 2.148993644714355469e+02
8.215264789137309842e-01 2.139650967915852959e+02
8.246680715673206929e-01 2.131499112447102959e+02
8.278096642209105127e-01 2.125221900939941406e+02
8.309512568745003325e-01 2.115472997029622491e+02
8.340928495280901522e-01 2.106357371012369697e+02
8.372344421816799720e-01 2.099503199259440009e+02
8.403760348352696807e-01 2.090941467285156250e+02
8.435176274888595005e-01 2.083757425944010322e+02
8.466592201424493203e-01 2.075080197652181084e+02
8.498008127960390290e-01 2.069044087727864678e+02
8.529424054496288488e-01 2.060417760213216241e+02
8.560839981032186685e-01 2.053884404500325616e+02
8.592255907568084883e-01 2.046768480936686103e+02
8.623671834103983080e-01 2.037761344909667969e+02
8.655087760639880168e-01 2.030480461120605469e+02
8.686503687175778365e-01 2.021912523905436103e+02
8.717919613711676563e-01 2.014646555582682197e+02
8.749335540247574761e-01 2.009783376057942803e+02
8.780751466783471848e-01 2.002735214233398438e+02
8.812167393319370046e-01 1.993612251281738281e+02
8.843583319855268243e-01 1.987705357869466241e+02
8.874999246391166441e-01 1.980467453002929688e+02
8.906415172927064638e-01 1.972863349914550781e+02
8.937831099462961726e-01 1.966873232523600166e+02
8.969247025998859923e-01 1.959621289571126397e+02
9.000662952534758121e-01 1.953266894022623603e+02
9.032078879070655208e-01 1.947264366149902344e+02
