1.570796326794896653e-03 7.493085449218750000e+03
4.712388980384689743e-03 8.605702148437500000e+03
7.853981633974483484e-03 9.426648437500000000e+03
1.099557428756427549e-02 1.277120019531250000e+04
1.413716694115407096e-02 1.351201953125000000e+04
1.727875959474386297e-02 1.293700683593750000e+04
2.042035224833365498e-02 1.285966894531250000e+04
2.356194490192345045e-02 1.292728710937500000e+04
2.670353755551324246e-02 1.273812304687500000e+04
2.984513020910303793e-02 1.100103417968750000e+04
3.298672286269282994e-02 1.004187011718750000e+04
3.612831551628262194e-02 8.963619140625000000e+03
3.926990816987241395e-02 8.391506835937500000e+03
4.241150082346220596e-02 7.993588867187500000e+03
4.555309347705200490e-02 7.183339843750000000e+03
4.869468613064179691e-02 6.857354003906250000e+03
5.183627878423158891e-02 6.486806152343750000e+03
5.497787143782138092e-02 6.456597656250000000e+03
5.811946409141117986e-02 6.131148437500000000e+03
6.126105674500097187e-02 5.746360351562500000e+03
6.440264939859076387e-02 5.488461425781250000e+03
6.754424205218055588e-02 5.232434570312500000e+03
7.068583470577034789e-02 5.229472656250000000e+03
7.382742735936013989e-02 4.768533691406250000e+03
7.696902001294993190e-02 4.465789550781250000e+03
8.011061266653972390e-02 4.435160644531250000e+03
8.325220532012952979e-02 3.968807128906250000e+03
8.639379797371932179e-02 3.708052490234375000e+03
8.953539062730911380e-02 3.518740722656250000e+03
9.267698328089890580e-02 3.251356933593750000e+03
9.581857593448869781e-02 3.113098876953125000e+03
9.896016858807848982e-02 2.921793945312500000e+03
1.021017612416682818e-01 2.712649902343750000e+03
1.052433538952580738e-01 2.608900878906250000e+03
1.083849465488478658e-01 2.538472412109375000e+03
1.115265392024376578e-01 2.441482421875000000e+03
1.146681318560274498e-01 2.325926757812500000e+03
1.178097245096172418e-01 2.298609619140625000e+03
1.209513171632070477e-01 2.149809326171875000e+03
1.240929098167968397e-01 2.125507080078125000e+03
1.272345024703866456e-01 2.065560302734375000e+03
1.303760951239764099e-01 2.041502563476562500e+03
1.335176877775662296e-01 1.931963378906250000e+03
1.366592804311559939e-01 1.873770996093750000e+03
1.398008730847458136e-01 1.798515869140625000e+03
1.429424657383355779e-01 1.711341308593750000e+03
1.460840583919253977e-01 1.656613403320312500e+03
1.492256510455151619e-01 1.575350463867187500e+03
1.523672436991049817e-01 1.498914428710937500e+03
1.555088363526947459e-01 1.437496704101562500e+03
1.586504290062845657e-01 1.373698852539062500e+03
1.617920216598743299e-01 1.323348388671875000e+03
1.649336143134641497e-01 1.253076538085937500e+03
1.680752069670539417e-01 1.212029418945312500e+03
1.712167996206437337e-01 1.165021362304687500e+03
1.743583922742335535e-01 1.153893432617187500e+03
1.774999849278233177e-01 1.110678466796875000e+03
1.806415775814131375e-01 1.094774291992187500e+03
1.837831702350029017e-01 1.059420776367187500e+03
1.869247628885927215e-01 1.030912231445312500e+03
1.900663555421824857e-01 1.000801574707031250e+03
1.932079481957723055e-01 9.733189697265625000e+02
1.963495408493620697e-01 9.525369262695312500e+02
1.994911335029518895e-01 9.170497436523437500e+02
2.026327261565416538e-01 8.887164916992187500e+02
2.057743188101314735e-01 8.713739013671875000e+02
2.089159114637212378e-01 8.382965087890625000e+02
2.120575041173110575e-01 8.016527709960937500e+02
2.151990967709008218e-01 7.959909057617187500e+02
2.183406894244906415e-01 7.563822631835937500e+02
2.214822820780804058e-01 7.370720214843750000e+02
2.246238747316702256e-01 7.166417846679687500e+02
2.277654673852599898e-01 6.888225097656250000e+02
2.309070600388498096e-01 6.769552612304687500e+02
2.340486526924396016e-01 6.575505981445312500e+02
2.371902453460293936e-01 6.477756958007812500e+02
2.403318379996192133e-01 6.236766357421875000e+02
2.434734306532089776e-01 6.085988769531250000e+02
2.466150233067987974e-01 5.997376708984375000e+02
2.497566159603885616e-01 5.822208251953125000e+02
2.528982086139783814e-01 5.680043334960937500e+02
2.560398012675681456e-01 5.500580444335937500e+02
2.591813939211579099e-01 5.386175537109375000e+02
2.623229865747477296e-01 5.255485229492187500e+02
2.654645792283375494e-01 5.179419555664062500e+02
2.686061718819273136e-01 4.992933654785156250e+02
2.717477645355171334e-01 4.980552062988281250e+02
2.748893571891068976e-01 4.815617980957031250e+02
2.780309498426967174e-01 4.670724487304687500e+02
2.811725424962865372e-01 4.578475646972656250e+02
2.843141351498763014e-01 4.453230895996093750e+02
2.874557278034660657e-01 4.313630981445312500e+02
2.905973204570558854e-01 4.273989257812500000e+02
2.937389131106457052e-01 4.143286132812500000e+02
2.968805057642354694e-01 4.045809631347656250e+02
3.000220984178252337e-01 3.928400573730468750e+02
3.031636910714150535e-01 3.847692871093750000e+02
3.063052837250048732e-01 3.778915100097656250e+02
3.094468763785946375e-01 3.701861877441406250e+02
3.125884690321844017e-01 3.642230834960937500e+02
3.157300616857742215e-01 3.555308227539062500e+02
3.188716543393640412e-01 3.463630676269531250e+02
3.220132469929538055e-01 3.390001220703125000e+02
3.251548396465435697e-01 3.316507263183593750e+02
3.282964323001333895e-01 3.289474182128906250e+02
3.314380249537232093e-01 3.200054016113281250e+02
3.345796176073129735e-01 3.134981079101562500e+02
3.377212102609027933e-01 3.089295043945312500e+02
3.408628029144925575e-01 2.986789550781250000e+02
3.440043955680823773e-01 2.941200866699218750e+02
3.471459882216721970e-01 2.865285034179687500e+02
3.502875808752619613e-01 2.823735961914062500e+02
3.534291735288517255e-01 2.768166198730468750e+02
3.565707661824415453e-01 2.703967285156250000e+02
3.597123588360313651e-01 2.664695129394531250e+02
3.628539514896211293e-01 2.602063598632812500e+02
3.659955441432108936e-01 2.552613677978515625e+02
3.691371367968007133e-01 2.509112243652343750e+02
3.722787294503905331e-01 2.465497131347656250e+02
3.754203221039802973e-01 2.393884124755859375e+02
3.785619147575700616e-01 2.373205261230468750e+02
3.817035074111598814e-01 2.317997283935546875e+02
3.848451000647497011e-01 2.277865753173828125e+02
3.879866927183394654e-01 2.232626953125000000e+02
3.911282853719292296e-01 2.192791900634765625e+02
3.942698780255190494e-01 2.159954071044921875e+02
3.974114706791088691e-01 2.126899414062500000e+02
4.005530633326986334e-01 2.082912445068359375e+02
4.036946559862884532e-01 2.042722930908203125e+02
4.068362486398782174e-01 2.009580993652343750e+02
4.099778412934680372e-01 1.958575592041015625e+02
4.131194339470578569e-01 1.939846801757812500e+02
4.162610266006476212e-01 1.902320709228515625e+02
4.194026192542373854e-01 1.882714538574218750e+02
4.225442119078272052e-01 1.838889465332031250e+02
4.256858045614170249e-01 1.796053009033203125e+02
4.288273972150067892e-01 1.776802825927734375e+02
4.319689898685965534e-01 1.748586120605468750e+02
4.351105825221863732e-01 1.710885314941406250e+02
4.382521751757761930e-01 1.696007232666015625e+02
4.413937678293659572e-01 1.661074981689453125e+02
4.445353604829557215e-01 1.634309997558593750e+02
4.476769531365455412e-01 1.602116546630859375e+02
4.508185457901353610e-01 1.580226287841796875e+02
4.539601384437251252e-01 1.546767883300781250e+02
4.571017310973148895e-01 1.528291625976562500e+02
4.602433237509047093e-01 1.505984497070312500e+02
4.633849164044945290e-01 1.477898406982421875e+02
4.665265090580842933e-01 1.456612396240234375e+02
4.696681017116741130e-01 1.426861114501953125e+02
4.728096943652638773e-01 1.408634643554687500e+02
4.759512870188536970e-01 1.387513275146484375e+02
4.790928796724435168e-01 1.361150054931640625e+02
4.822344723260332811e-01 1.350451660156250000e+02
4.853760649796230453e-01 1.320103302001953125e+02
4.885176576332128651e-01 1.308133239746093750e+02
4.916592502868026848e-01 1.288079376220703125e+02
4.948008429403924491e-01 1.260974349975585938e+02
4.979424355939822133e-01 1.242587356567382812e+02
5.010840282475720331e-01 1.229255981445312500e+02
5.042256209011618528e-01 1.209940872192382812e+02
5.073672135547515616e-01 1.185578689575195312e+02
5.105088062083413813e-01 1.171628112792968750e+02
5.136503988619312011e-01 1.153571090698242188e+02
5.167919915155210209e-01 1.135849685668945312e+02
5.199335841691108406e-01 1.121853790283203125e+02
5.230751768227005494e-01 1.100279769897460938e+02
5.262167694762903691e-01 1.091610565185546875e+02
5.293583621298801889e-01 1.066482391357421875e+02
5.324999547834698976e-01 1.057021179199218750e+02
5.356415474370597174e-01 1.042442932128906250e+02
5.387831400906495372e-01 1.029483718872070312e+02
5.419247327442393569e-01 1.014261703491210938e+02
5.450663253978291767e-01 9.926128387451171875e+01
5.482079180514189964e-01 9.819664001464843750e+01
5.513495107050087052e-01 9.721073150634765625e+01
5.544911033585985249e-01 9.556305694580078125e+01
5.576326960121883447e-01 9.438636016845703125e+01
5.607742886657780534e-01 9.326161193847656250e+01
5.639158813193678732e-01 9.169474029541015625e+01
5.670574739729576930e-01 9.062973022460937500e+01
5.701990666265475127e-01 8.925035858154296875e+01
5.733406592801373325e-01 8.821404266357421875e+01
5.764822519337270412e-01 8.698181152343750000e+01
5.796238445873168610e-01 8.579952239990234375e+01
5.827654372409066807e-01 8.436560058593750000e+01
5.859070298944963895e-01 8.349627685546875000e+01
5.890486225480862092e-01 8.217630004882812500e+01
5.921902152016760290e-01 8.142567443847656250e+01
5.953318078552658488e-01 8.027267456054687500e+01
5.984734005088556685e-01 7.941392517089843750e+01
6.016149931624453773e-01 7.830244445800781250e+01
6.047565858160351970e-01 7.709887695312500000e+01
6.078981784696250168e-01 7.626589965820312500e+01
6.110397711232148366e-01 7.527016448974609375e+01
6.141813637768045453e-01 7.447718811035156250e+01
6.173229564303943651e-01 7.322181701660156250e+01
6.204645490839841848e-01 7.255196380615234375e+01
6.236061417375740046e-01 7.153063201904296875e+01
6.267477343911638243e-01 7.080194091796875000e+01
6.298893270447535331e-01 6.993325805664062500e+01
6.330309196983433528e-01 6.902155303955078125e+01
6.361725123519331726e-01 6.801792907714843750e+01
6.393141050055228813e-01 6.706423950195312500e+01
6.424556976591127011e-01 6.629649353027343750e+01
6.455972903127025209e-01 6.568647003173828125e+01
6.487388829662923406e-01 6.502836608886718750e+01
6.518804756198821604e-01 6.404637908935546875e+01
6.550220682734718691e-01 6.354344558715820312e+01
6.581636609270616889e-01 6.258065414428710938e+01
6.613052535806515086e-01 6.181884384155273438e+01
6.644468462342412174e-01 6.118264007568359375e+01
6.675884388878310371e-01 6.050315475463867188e+01
6.707300315414208569e-01 5.975352478027343750e+01
6.738716241950106767e-01 5.883263778686523438e+01
6.770132168486004964e-01 5.821308135986328125e+01
6.801548095021903162e-01 5.768709564208984375e+01
6.832964021557800249e-01 5.676332855224609375e+01
6.864379948093698447e-01 5.645828628540039062e+01
6.895795874629596645e-01 5.563400268554687500e+01
6.927211801165493732e-01 5.508810806274414062e+01
6.958627727701391930e-01 5.442827224731445312e+01
6.990043654237290127e-01 5.365139770507812500e+01
7.021459580773188325e-01 5.322249984741210938e+01
7.052875507309086522e-01 5.263337326049804688e+01
7.084291433844983610e-01 5.217488479614257812e+01
7.115707360380881807e-01 5.156098175048828125e+01
7.147123286916780005e-01 5.083292770385742188e+01
7.178539213452677092e-01 5.022443771362304688e+01
7.209955139988575290e-01 4.975757217407226562e+01
7.241371066524473488e-01 4.930290603637695312e+01
7.272786993060371685e-01 4.875676345825195312e+01
7.304202919596269883e-01 4.838038635253906250e+01
7.335618846132166970e-01 4.774603652954101562e+01
7.367034772668065168e-01 4.733770751953125000e+01
7.398450699203963365e-01 4.690567016601562500e+01
7.429866625739861563e-01 4.623491287231445312e+01
7.461282552275758650e-01 4.578469467163085938e+01
7.492698478811656848e-01 4.532227325439453125e+01
7.524114405347555046e-01 4.491765975952148438e+01
7.555530331883453243e-01 4.446736526489257812e+01
7.586946258419351441e-01 4.394024658203125000e+01
7.618362184955248528e-01 4.344899368286132812e+01
7.649778111491146726e-01 4.299441909790039062e+01
7.681194038027044924e-01 4.265444564819335938e+01
7.712609964562942011e-01 4.221821975708007812e+01
7.744025891098840209e-01 4.202761459350585938e+01
7.775441817634738406e-01 4.138512420654296875e+01
7.806857744170636604e-01 4.102781677246093750e+01
7.838273670706534801e-01 4.072697067260742188e+01
7.869689597242431889e-01 4.026141357421875000e+01
7.901105523778330086e-01 3.984482955932617188e+01
7.932521450314228284e-01 3.950418472290039062e+01
7.963937376850125371e-01 3.916576385498046875e+01
7.995353303386023569e-01 3.865751647949218750e+01
8.026769229921921767e-01 3.837294387817382812e+01
8.058185156457819964e-01 3.799270248413085938e+01
8.089601082993718162e-01 3.774831771850585938e+01
8.121017009529616359e-01 3.742572784423828125e+01
8.152432936065513447e-01 3.711383056640625000e+01
8.183848862601411644e-01 3.673719406127929688e+01
8.215264789137309842e-01 3.647087478637695312e+01
8.246680715673206929e-01 3.611877059936523438e+01
8.278096642209105127e-01 3.579866409301757812e+01
8.309512568745003325e-01 3.549853515625000000e+01
8.340928495280901522e-01 3.522578048706054688e+01
8.372344421816799720e-01 3.486131668090820312e+01
8.403760348352696807e-01 3.461274337768554688e+01
8.435176274888595005e-01 3.428676605224609375e+01
8.466592201424493203e-01 3.408595275878906250e+01
8.498008127960390290e-01 3.381815338134765625e+01
8.529424054496288488e-01 3.359172058105468750e+01
8.560839981032186685e-01 3.322753906250000000e+01
8.592255907568084883e-01 3.298320770263671875e+01
8.623671834103983080e-01 3.278316116333007812e+01
8.655087760639880168e-01 3.248587036132812500e+01
8.686503687175778365e-01 3.219617843627929688e+01
8.717919613711676563e-01 3.203414916992187500e+01
8.749335540247574761e-01 3.179034614562988281e+01
8.780751466783471848e-01 3.158880043029785156e+01
8.812167393319370046e-01 3.138143920898437500e+01
8.843583319855268243e-01 3.114610862731933594e+01
8.874999246391166441e-01 3.096041870117187500e+01
8.906415172927064638e-01 3.072905540466308594e+01
8.937831099462961726e-01 3.044384574890136719e+01
8.969247025998859923e-01 3.023927116394042969e+01
9.000662952534758121e-01 3.011733436584472656e+01
9.032078879070655208e-01 2.987514877319335938e+01
