1.570796326794896653e-03 7.537815917968750000e+03
4.712388980384689743e-03 5.513108398437500000e+03
7.853981633974483484e-03 1.241636523437500000e+04
1.099557428756427549e-02 1.201303515625000000e+04
1.413716694115407096e-02 1.458021484375000000e+04
1.727875959474386297e-02 1.349095703125000000e+04
2.042035224833365498e-02 1.303608984375000000e+04
2.356194490192345045e-02 1.398834277343750000e+04
2.670353755551324246e-02 1.158762597656250000e+04
2.984513020910303793e-02 1.068013476562500000e+04
3.298672286269282994e-02 1.016303613281250000e+04
3.612831551628262194e-02 8.730035156250000000e+03
3.926990816987241395e-02 8.850684570312500000e+03
4.241150082346220596e-02 7.972609863281250000e+03
4.555309347705200490e-02 7.553448242187500000e+03
4.869468613064179691e-02 7.082380371093750000e+03
5.183627878423158891e-02 6.769496093750000000e+03
5.497787143782138092e-02 6.303836425781250000e+03
5.811946409141117986e-02 5.890740722656250000e+03
6.126105674500097187e-02 5.499289062500000000e+03
6.440264939859076387e-02 5.712488281250000000e+03
6.754424205218055588e-02 5.247324707031250000e+03
7.068583470577034789e-02 4.991628417968750000e+03
7.382742735936013989e-02 4.898940917968750000e+03
7.696902001294993190e-02 4.681651855468750000e+03
8.011061266653972390e-02 4.304348144531250000e+03
8.325220532012952979e-02 3.995065917968750000e+03
8.639379797371932179e-02 3.790967529296875000e+03
8.953539062730911380e-02 3.602733154296875000e+03
9.267698328089890580e-02 3.334014404296875000e+03
9.581857593448869781e-02 3.081146240234375000e+03
9.896016858807848982e-02 2.934393310546875000e+03
1.021017612416682818e-01 2.799826416015625000e+03
1.052433538952580738e-01 2.623856933593750000e+03
1.083849465488478658e-01 2.535581542968750000e+03
1.115265392024376578e-01 2.434370605468750000e+03
1.146681318560274498e-01 2.379450439453125000e+03
1.178097245096172418e-01 2.249213623046875000e+03
1.209513171632070477e-01 2.209302978515625000e+03
1.240929098167968397e-01 2.153582519531250000e+03
1.272345024703866456e-01 2.113026855468750000e+03
1.303760951239764099e-01 2.020582031250000000e+03
1.335176877775662296e-01 1.970338378906250000e+03
1.366592804311559939e-01 1.859982543945312500e+03
1.398008730847458136e-01 1.803939086914062500e+03
1.429424657383355779e-01 1.723045043945312500e+03
1.460840583919253977e-01 1.654972534179687500e+03
1.492256510455151619e-01 1.578554077148437500e+03
1.523672436991049817e-01 1.479265258789062500e+03
1.555088363526947459e-01 1.440471679687500000e+03
1.586504290062845657e-01 1.367506958007812500e+03
1.617920216598743299e-01 1.336463012695312500e+03
1.649336143134641497e-01 1.282642578125000000e+03
1.680752069670539417e-01 1.222231933593750000e+03
1.712167996206437337e-01 1.182082031250000000e+03
1.743583922742335535e-01 1.149293212890625000e+03
1.774999849278233177e-01 1.114289306640625000e+03
1.806415775814131375e-01 1.094184326171875000e+03
1.837831702350029017e-01 1.056067260742187500e+03
1.869247628885927215e-01 1.030782836914062500e+03
1.900663555421824857e-01 1.009187927246093750e+03
1.932079481957723055e-01 9.880229492187500000e+02
1.963495408493620697e-01 9.525875854492187500e+02
1.994911335029518895e-01 9.369009399414062500e+02
2.026327261565416538e-01 8.963538208007812500e+02
2.057743188101314735e-01 8.715100708007812500e+02
2.089159114637212378e-01 8.383374023437500000e+02
2.120575041173110575e-01 8.197614746093750000e+02
2.151990967709008218e-01 7.931651000976562500e+02
2.183406894244906415e-01 7.571112670898437500e+02
2.214822820780804058e-01 7.468473510742187500e+02
2.246238747316702256e-01 7.133301391601562500e+02
2.277654673852599898e-01 6.999494628906250000e+02
2.309070600388498096e-01 6.785797119140625000e+02
2.340486526924396016e-01 6.573768920898437500e+02
2.371902453460293936e-01 6.417977294921875000e+02
2.403318379996192133e-01 6.243081665039062500e+02
2.434734306532089776e-01 6.212493896484375000e+02
2.466150233067987974e-01 5.908723754882812500e+02
2.497566159603885616e-01 5.873561401367187500e+02
2.528982086139783814e-01 5.763420410156250000e+02
2.560398012675681456e-01 5.522312011718750000e+02
2.591813939211579099e-01 5.395580444335937500e+02
2.623229865747477296e-01 5.232401733398437500e+02
2.654645792283375494e-01 5.177640991210937500e+02
2.686061718819273136e-01 5.062491455078125000e+02
2.717477645355171334e-01 4.937974243164062500e+02
2.748893571891068976e-01 4.828107299804687500e+02
2.780309498426967174e-01 4.656693725585937500e+02
2.811725424962865372e-01 4.539278869628906250e+02
2.843141351498763014e-01 4.439047241210937500e+02
2.874557278034660657e-01 4.374488830566406250e+02
2.905973204570558854e-01 4.250331420898437500e+02
2.937389131106457052e-01 4.141179809570312500e+02
2.968805057642354694e-01 4.049325866699218750e+02
3.000220984178252337e-01 3.966691284179687500e+02
3.031636910714150535e-01 3.875576171875000000e+02
3.063052837250048732e-01 3.803209228515625000e+02
3.094468763785946375e-01 3.703617858886718750e+02
3.125884690321844017e-01 3.617480163574218750e+02
3.157300616857742215e-01 3.568482971191406250e+02
3.188716543393640412e-01 3.476083984375000000e+02
3.220132469929538055e-01 3.403837585449218750e+02
3.251548396465435697e-01 3.331494445800781250e+02
3.282964323001333895e-01 3.268074340820312500e+02
3.314380249537232093e-01 3.196275024414062500e+02
3.345796176073129735e-01 3.148191223144531250e+02
3.377212102609027933e-01 3.063236083984375000e+02
3.408628029144925575e-01 3.026793518066406250e+02
3.440043955680823773e-01 2.946352539062500000e+02
3.471459882216721970e-01 2.881463317871093750e+02
3.502875808752619613e-01 2.824954223632812500e+02
3.534291735288517255e-01 2.783046569824218750e+02
3.565707661824415453e-01 2.723215026855468750e+02
3.597123588360313651e-01 2.671911010742187500e+02
3.628539514896211293e-01 2.612651977539062500e+02
3.659955441432108936e-01 2.542275085449218750e+02
3.691371367968007133e-01 2.519515533447265625e+02
3.722787294503905331e-01 2.448974151611328125e+02
3.754203221039802973e-01 2.408207244873046875e+02
3.785619147575700616e-01 2.383462066650390625e+02
3.817035074111598814e-01 2.326522521972656250e+02
3.848451000647497011e-01 2.288998413085937500e+02
3.879866927183394654e-01 2.232357482910156250e+02
3.911282853719292296e-01 2.193309936523437500e+02
3.942698780255190494e-01 2.161793670654296875e+02
3.974114706791088691e-01 2.119885406494140625e+02
4.005530633326986334e-01 2.075379028320312500e+02
4.036946559862884532e-01 2.049342041015625000e+02
4.068362486398782174e-01 2.017313842773437500e+02
4.099778412934680372e-01 1.970776672363281250e+02
4.131194339470578569e-01 1.941438903808593750e+02
4.162610266006476212e-01 1.915221710205078125e+02
4.194026192542373854e-01 1.883921813964843750e+02
4.225442119078272052e-01 1.842303009033203125e+02
4.256858045614170249e-01 1.802032775878906250e+02
4.288273972150067892e-01 1.781894378662109375e+02
4.319689898685965534e-01 1.756502990722656250e+02
4.351105825221863732e-01 1.719611816406250000e+02
4.382521751757761930e-01 1.691490936279296875e+02
4.413937678293659572e-01 1.664390411376953125e+02
4.445353604829557215e-01 1.636622161865234375e+02
4.476769531365455412e-01 1.610230865478515625e+02
4.508185457901353610e-01 1.584409332275390625e+02
4.539601384437251252e-01 1.562526397705078125e+02
4.571017310973148895e-01 1.534613342285156250e+02
4.602433237509047093e-01 1.505649261474609375e+02
4.633849164044945290e-01 1.480583190917968750e+02
4.665265090580842933e-01 1.459505157470703125e+02
4.696681017116741130e-01 1.432663726806640625e+02
4.728096943652638773e-01 1.411869812011718750e+02
4.759512870188536970e-01 1.392101440429687500e+02
4.790928796724435168e-01 1.370741882324218750e+02
4.822344723260332811e-01 1.342916717529296875e+02
4.853760649796230453e-01 1.320534362792968750e+02
4.885176576332128651e-01 1.302548980712890625e+02
4.916592502868026848e-01 1.288522796630859375e+02
4.948008429403924491e-01 1.262909164428710938e+02
4.979424355939822133e-01 1.248828430175781250e+02
5.010840282475720331e-01 1.223044586181640625e+02
5.042256209011618528e-01 1.206166458129882812e+02
5.073672135547515616e-01 1.191077117919921875e+02
5.105088062083413813e-01 1.180556945800781250e+02
5.136503988619312011e-01 1.161446304321289062e+02
5.167919915155210209e-01 1.138267288208007812e+02
5.199335841691108406e-01 1.122357635498046875e+02
5.230751768227005494e-01 1.105591964721679688e+02
5.262167694762903691e-01 1.086288375854492188e+02
5.293583621298801889e-01 1.080859298706054688e+02
5.324999547834698976e-01 1.061401901245117188e+02
5.356415474370597174e-01 1.043926086425781250e+02
5.387831400906495372e-01 1.029282608032226562e+02
5.419247327442393569e-01 1.017500534057617188e+02
5.450663253978291767e-01 9.979428863525390625e+01
5.482079180514189964e-01 9.891539764404296875e+01
5.513495107050087052e-01 9.720024871826171875e+01
5.544911033585985249e-01 9.588587951660156250e+01
5.576326960121883447e-01 9.484805297851562500e+01
5.607742886657780534e-01 9.349162292480468750e+01
5.639158813193678732e-01 9.219705200195312500e+01
5.670574739729576930e-01 9.084697723388671875e+01
5.701990666265475127e-01 8.974030303955078125e+01
5.733406592801373325e-01 8.863483428955078125e+01
5.764822519337270412e-01 8.760463714599609375e+01
5.796238445873168610e-01 8.588091278076171875e+01
5.827654372409066807e-01 8.481237030029296875e+01
5.859070298944963895e-01 8.339693450927734375e+01
5.890486225480862092e-01 8.265158081054687500e+01
5.921902152016760290e-01 8.139898681640625000e+01
5.953318078552658488e-01 8.049482727050781250e+01
5.984734005088556685e-01 7.944232940673828125e+01
6.016149931624453773e-01 7.854399871826171875e+01
6.047565858160351970e-01 7.784530639648437500e+01
6.078981784696250168e-01 7.635531616210937500e+01
6.110397711232148366e-01 7.532280731201171875e+01
6.141813637768045453e-01 7.475569152832031250e+01
6.173229564303943651e-01 7.371308898925781250e+01
6.204645490839841848e-01 7.287184906005859375e+01
6.236061417375740046e-01 7.181285858154296875e+01
6.267477343911638243e-01 7.086711883544921875e+01
6.298893270447535331e-01 6.987607574462890625e+01
6.330309196983433528e-01 6.909295654296875000e+01
6.361725123519331726e-01 6.832450103759765625e+01
6.393141050055228813e-01 6.773603820800781250e+01
6.424556976591127011e-01 6.666914367675781250e+01
6.455972903127025209e-01 6.584542083740234375e+01
6.487388829662923406e-01 6.534156799316406250e+01
6.518804756198821604e-01 6.411392211914062500e+01
6.550220682734718691e-01 6.356491851806640625e+01
6.581636609270616889e-01 6.277778625488281250e+01
6.613052535806515086e-01 6.190498352050781250e+01
6.644468462342412174e-01 6.146091079711914062e+01
6.675884388878310371e-01 6.057653045654296875e+01
6.707300315414208569e-01 6.000969696044921875e+01
6.738716241950106767e-01 5.903681564331054688e+01
6.770132168486004964e-01 5.853236770629882812e+01
6.801548095021903162e-01 5.795772171020507812e+01
6.832964021557800249e-01 5.717278671264648438e+01
6.864379948093698447e-01 5.665484237670898438e+01
6.895795874629596645e-01 5.588557815551757812e+01
6.927211801165493732e-01 5.540871047973632812e+01
6.958627727701391930e-01 5.456212615966796875e+01
6.990043654237290127e-01 5.395449447631835938e+01
7.021459580773188325e-01 5.339725494384765625e+01
7.052875507309086522e-01 5.280704498291015625e+01
7.084291433844983610e-01 5.225087356567382812e+01
7.115707360380881807e-01 5.164989471435546875e+01
7.147123286916780005e-01 5.120097351074218750e+01
7.178539213452677092e-01 5.070015335083007812e+01
7.209955139988575290e-01 5.010721969604492188e+01
7.241371066524473488e-01 4.956077575683593750e+01
7.272786993060371685e-01 4.904253005981445312e+01
7.304202919596269883e-01 4.847494888305664062e+01
7.335618846132166970e-01 4.782141494750976562e+01
7.367034772668065168e-01 4.752235412597656250e+01
7.398450699203963365e-01 4.693750000000000000e+01
7.429866625739861563e-01 4.646085357666015625e+01
7.461282552275758650e-01 4.594594955444335938e+01
7.492698478811656848e-01 4.552105712890625000e+01
7.524114405347555046e-01 4.505041503906250000e+01
7.555530331883453243e-01 4.463256072998046875e+01
7.586946258419351441e-01 4.415783691406250000e+01
7.618362184955248528e-01 4.371554946899414062e+01
7.649778111491146726e-01 4.309806823730468750e+01
7.681194038027044924e-01 4.279098510742187500e+01
7.712609964562942011e-01 4.238629913330078125e+01
7.744025891098840209e-01 4.211402893066406250e+01
7.775441817634738406e-01 4.152021026611328125e+01
7.806857744170636604e-01 4.112276458740234375e+01
7.838273670706534801e-01 4.077175521850585938e+01
7.869689597242431889e-01 4.045918273925781250e+01
7.901105523778330086e-01 4.002149963378906250e+01
7.932521450314228284e-01 3.961411285400390625e+01
7.963937376850125371e-01 3.923994827270507812e+01
7.995353303386023569e-01 3.899444580078125000e+01
8.026769229921921767e-01 3.862752532958984375e+01
8.058185156457819964e-01 3.830544281005859375e+01
8.089601082993718162e-01 3.800563049316406250e+01
8.121017009529616359e-01 3.747169876098632812e+01
8.152432936065513447e-01 3.711962890625000000e+01
8.183848862601411644e-01 3.702570724487304688e+01
8.215264789137309842e-01 3.653911590576171875e+01
8.246680715673206929e-01 3.623403167724609375e+01
8.278096642209105127e-01 3.595867919921875000e+01
8.309512568745003325e-01 3.565576171875000000e+01
8.340928495280901522e-01 3.527988433837890625e+01
8.372344421816799720e-01 3.504886245727539062e+01
8.403760348352696807e-01 3.461695861816406250e+01
8.435176274888595005e-01 3.442015457153320312e+01
8.466592201424493203e-01 3.416162872314453125e+01
8.498008127960390290e-01 3.399034118652343750e+01
8.529424054496288488e-01 3.363379287719726562e+01
8.560839981032186685e-01 3.337262344360351562e+01
8.592255907568084883e-01 3.314798736572265625e+01
8.623671834103983080e-01 3.291275024414062500e+01
8.655087760639880168e-01 3.263183212280273438e+01
8.686503687175778365e-01 3.242943572998046875e+01
8.717919613711676563e-01 3.209550476074218750e+01
8.749335540247574761e-01 3.185650062561035156e+01
8.780751466783471848e-01 3.173214149475097656e+01
8.812167393319370046e-01 3.152852249145507812e+01
8.843583319855268243e-01 3.127650642395019531e+01
8.874999246391166441e-01 3.104258918762207031e+01
8.906415172927064638e-01 3.085140037536621094e+01
8.937831099462961726e-01 3.064310455322265625e+01
8.969247025998859923e-01 3.041627120971679688e+01
9.000662952534758121e-01 3.022802543640136719e+01
9.032078879070655208e-01 3.004188919067382812e+01
