1.570796326794896653e-03 6.611620605468750000e+03
4.712388980384689743e-03 7.214510253906250000e+03
7.853981633974483484e-03 1.075741601562500000e+04
1.099557428756427549e-02 1.263277539062500000e+04
1.413716694115407096e-02 1.294214648437500000e+04
1.727875959474386297e-02 1.359003515625000000e+04
2.042035224833365498e-02 1.356343066406250000e+04
2.356194490192345045e-02 1.136197070312500000e+04
2.670353755551324246e-02 1.271952539062500000e+04
2.984513020910303793e-02 1.089067187500000000e+04
3.298672286269282994e-02 9.544962890625000000e+03
3.612831551628262194e-02 8.730050781250000000e+03
3.926990816987241395e-02 8.637649414062500000e+03
4.241150082346220596e-02 7.804152343750000000e+03
4.555309347705200490e-02 7.473366699218750000e+03
4.869468613064179691e-02 6.839317871093750000e+03
5.183627878423158891e-02 6.367810058593750000e+03
5.497787143782138092e-02 6.512651367187500000e+03
5.811946409141117986e-02 5.936304687500000000e+03
6.126105674500097187e-02 5.763715820312500000e+03
6.440264939859076387e-02 5.261244140625000000e+03
6.754424205218055588e-02 5.274985351562500000e+03
7.068583470577034789e-02 5.145344238281250000e+03
7.382742735936013989e-02 4.975945800781250000e+03
7.696902001294993190e-02 4.526948730468750000e+03
8.011061266653972390e-02 4.364959472656250000e+03
8.325220532012952979e-02 3.974932617187500000e+03
8.639379797371932179e-02 3.771810791015625000e+03
8.953539062730911380e-02 3.538900146484375000e+03
9.267698328089890580e-02 3.315072998046875000e+03
9.581857593448869781e-02 3.131530273437500000e+03
9.896016858807848982e-02 2.951373779296875000e+03
1.021017612416682818e-01 2.783920654296875000e+03
1.052433538952580738e-01 2.663316162109375000e+03
1.083849465488478658e-01 2.465393554687500000e+03
1.115265392024376578e-01 2.435873535156250000e+03
1.146681318560274498e-01 2.327667724609375000e+03
1.178097245096172418e-01 2.285433349609375000e+03
1.209513171632070477e-01 2.213281738281250000e+03
1.240929098167968397e-01 2.129931884765625000e+03
1.272345024703866456e-01 2.099301269531250000e+03
1.303760951239764099e-01 2.029049438476562500e+03
1.335176877775662296e-01 1.972712158203125000e+03
1.366592804311559939e-01 1.867335327148437500e+03
1.398008730847458136e-01 1.797667846679687500e+03
1.429424657383355779e-01 1.732112426757812500e+03
1.460840583919253977e-01 1.624325683593750000e+03
1.492256510455151619e-01 1.578830566406250000e+03
1.523672436991049817e-01 1.506341064453125000e+03
1.555088363526947459e-01 1.436324096679687500e+03
1.586504290062845657e-01 1.372782226562500000e+03
1.617920216598743299e-01 1.318324829101562500e+03
1.649336143134641497e-01 1.259302001953125000e+03
1.680752069670539417e-01 1.215248168945312500e+03
1.712167996206437337e-01 1.173075561523437500e+03
1.743583922742335535e-01 1.143602050781250000e+03
1.774999849278233177e-01 1.127752197265625000e+03
1.806415775814131375e-01 1.089440551757812500e+03
1.837831702350029017e-01 1.069740844726562500e+03
1.869247628885927215e-01 1.031946166992187500e+03
1.900663555421824857e-01 1.011836975097656250e+03
1.932079481957723055e-01 9.709733886718750000e+02
1.963495408493620697e-01 9.521913452148437500e+02
1.994911335029518895e-01 9.334054565429687500e+02
2.026327261565416538e-01 8.881068725585937500e+02
2.057743188101314735e-01 8.673858642578125000e+02
2.089159114637212378e-01 8.409445190429687500e+02
2.120575041173110575e-01 8.212133178710937500e+02
2.151990967709008218e-01 7.825292358398437500e+02
2.183406894244906415e-01 7.599793701171875000e+02
2.214822820780804058e-01 7.465392456054687500e+02
2.246238747316702256e-01 7.161711425781250000e+02
2.277654673852599898e-01 6.949934082031250000e+02
2.309070600388498096e-01 6.730265502929687500e+02
2.340486526924396016e-01 6.548367309570312500e+02
2.371902453460293936e-01 6.407131958007812500e+02
2.403318379996192133e-01 6.241950073242187500e+02
2.434734306532089776e-01 6.090980834960937500e+02
2.466150233067987974e-01 5.898419189453125000e+02
2.497566159603885616e-01 5.806271362304687500e+02
2.528982086139783814e-01 5.636889648437500000e+02
2.560398012675681456e-01 5.540325927734375000e+02
2.591813939211579099e-01 5.429660034179687500e+02
2.623229865747477296e-01 5.279420166015625000e+02
2.654645792283375494e-01 5.155414428710937500e+02
2.686061718819273136e-01 5.040994873046875000e+02
2.717477645355171334e-01 4.894295654296875000e+02
2.748893571891068976e-01 4.796642761230468750e+02
2.780309498426967174e-01 4.669414978027343750e+02
2.811725424962865372e-01 4.561586303710937500e+02
2.843141351498763014e-01 4.439463806152343750e+02
2.874557278034660657e-01 4.349324035644531250e+02
2.905973204570558854e-01 4.210872497558593750e+02
2.937389131106457052e-01 4.128235778808593750e+02
2.968805057642354694e-01 4.060152282714843750e+02
3.000220984178252337e-01 3.942434387207031250e+02
3.031636910714150535e-01 3.895035095214843750e+02
3.063052837250048732e-01 3.790238952636718750e+02
3.094468763785946375e-01 3.692038879394531250e+02
3.125884690321844017e-01 3.649844665527343750e+02
3.157300616857742215e-01 3.549634704589843750e+02
3.188716543393640412e-01 3.482425842285156250e+02
3.220132469929538055e-01 3.409283142089843750e+02
3.251548396465435697e-01 3.335352783203125000e+02
3.282964323001333895e-01 3.262443237304687500e+02
3.314380249537232093e-01 3.209994812011718750e+02
3.345796176073129735e-01 3.133280334472656250e+02
3.377212102609027933e-01 3.053758850097656250e+02
3.408628029144925575e-01 2.995114746093750000e+02
3.440043955680823773e-01 2.937939453125000000e+02
3.471459882216721970e-01 2.876648254394531250e+02
3.502875808752619613e-01 2.834252624511718750e+02
3.534291735288517255e-01 2.749972839355468750e+02
3.565707661824415453e-01 2.731815795898437500e+02
3.597123588360313651e-01 2.655210876464843750e+02
3.628539514896211293e-01 2.600563659667968750e+02
3.659955441432108936e-01 2.559687805175781250e+02
3.691371367968007133e-01 2.501510620117187500e+02
3.722787294503905331e-01 2.437398376464843750e+02
3.754203221039802973e-01 2.402922821044921875e+02
3.785619147575700616e-01 2.366709136962890625e+02
3.817035074111598814e-01 2.328509826660156250e+02
3.848451000647497011e-01 2.292881317138671875e+02
3.879866927183394654e-01 2.234072113037109375e+02
3.911282853719292296e-01 2.205221710205078125e+02
3.942698780255190494e-01 2.159302062988281250e+02
3.974114706791088691e-01 2.113300476074218750e+02
4.005530633326986334e-01 2.079467163085937500e+02
4.036946559862884532e-01 2.039773406982421875e+02
4.068362486398782174e-01 2.017285614013671875e+02
4.099778412934680372e-01 1.968869476318359375e+02
4.131194339470578569e-01 1.937789306640625000e+02
4.162610266006476212e-01 1.910803680419921875e+02
4.194026192542373854e-01 1.867928466796875000e+02
4.225442119078272052e-01 1.833312377929687500e+02
4.256858045614170249e-01 1.797469635009765625e+02
4.288273972150067892e-01 1.774442291259765625e+02
4.319689898685965534e-01 1.737444610595703125e+02
4.351105825221863732e-01 1.718975372314453125e+02
4.382521751757761930e-01 1.686355590820312500e+02
4.413937678293659572e-01 1.657751922607421875e+02
4.445353604829557215e-01 1.627516632080078125e+02
4.476769531365455412e-01 1.607061614990234375e+02
4.508185457901353610e-01 1.581502075195312500e+02
4.539601384437251252e-01 1.553847503662109375e+02
4.571017310973148895e-01 1.520799407958984375e+02
4.602433237509047093e-01 1.505180969238281250e+02
4.633849164044945290e-01 1.477633056640625000e+02
4.665265090580842933e-01 1.457824249267578125e+02
4.696681017116741130e-01 1.429076995849609375e+02
4.728096943652638773e-01 1.410326080322265625e+02
4.759512870188536970e-01 1.388603973388671875e+02
4.790928796724435168e-01 1.362163238525390625e+02
4.822344723260332811e-01 1.345516662597656250e+02
4.853760649796230453e-01 1.323328094482421875e+02
4.885176576332128651e-01 1.303932342529296875e+02
4.916592502868026848e-01 1.282036285400390625e+02
4.948008429403924491e-01 1.259582977294921875e+02
4.979424355939822133e-01 1.242277832031250000e+02
5.010840282475720331e-01 1.230556259155273438e+02
5.042256209011618528e-01 1.206651458740234375e+02
5.073672135547515616e-01 1.193971176147460938e+02
5.105088062083413813e-01 1.174878311157226562e+02
5.136503988619312011e-01 1.157347030639648438e+02
5.167919915155210209e-01 1.135275268554687500e+02
5.199335841691108406e-01 1.119138793945312500e+02
5.230751768227005494e-01 1.106227188110351562e+02
5.262167694762903691e-01 1.087471084594726562e+02
5.293583621298801889e-01 1.074054641723632812e+02
5.324999547834698976e-01 1.056119155883789062e+02
5.356415474370597174e-01 1.045714187622070312e+02
5.387831400906495372e-01 1.028076324462890625e+02
5.419247327442393569e-01 1.011749725341796875e+02
5.450663253978291767e-01 1.002164993286132812e+02
5.482079180514189964e-01 9.835293579101562500e+01
5.513495107050087052e-01 9.690839385986328125e+01
5.544911033585985249e-01 9.556761169433593750e+01
5.576326960121883447e-01 9.445730590820312500e+01
5.607742886657780534e-01 9.305265808105468750e+01
5.639158813193678732e-01 9.215550231933593750e+01
5.670574739729576930e-01 9.055424499511718750e+01
5.701990666265475127e-01 8.943591308593750000e+01
5.733406592801373325e-01 8.832228088378906250e+01
5.764822519337270412e-01 8.699167633056640625e+01
5.796238445873168610e-01 8.580359649658203125e+01
5.827654372409066807e-01 8.473796081542968750e+01
5.859070298944963895e-01 8.370597076416015625e+01
5.890486225480862092e-01 8.263565826416015625e+01
5.921902152016760290e-01 8.175783538818359375e+01
5.953318078552658488e-01 8.062110900878906250e+01
5.984734005088556685e-01 7.945267486572265625e+01
6.016149931624453773e-01 7.819940948486328125e+01
6.047565858160351970e-01 7.725630187988281250e+01
6.078981784696250168e-01 7.618833923339843750e+01
6.110397711232148366e-01 7.503653717041015625e+01
6.141813637768045453e-01 7.452952575683593750e+01
6.173229564303943651e-01 7.339135742187500000e+01
6.204645490839841848e-01 7.241033172607421875e+01
6.236061417375740046e-01 7.145838928222656250e+01
6.267477343911638243e-01 7.064305114746093750e+01
6.298893270447535331e-01 6.988359832763671875e+01
6.330309196983433528e-01 6.891573333740234375e+01
6.361725123519331726e-01 6.815110778808593750e+01
6.393141050055228813e-01 6.713216400146484375e+01
6.424556976591127011e-01 6.675479125976562500e+01
6.455972903127025209e-01 6.570935058593750000e+01
6.487388829662923406e-01 6.502618408203125000e+01
6.518804756198821604e-01 6.415128326416015625e+01
6.550220682734718691e-01 6.357575607299804688e+01
6.581636609270616889e-01 6.268140029907226562e+01
6.613052535806515086e-01 6.175263595581054688e+01
6.644468462342412174e-01 6.134241104125976562e+01
6.675884388878310371e-01 6.036322021484375000e+01
6.707300315414208569e-01 5.983223342895507812e+01
6.738716241950106767e-01 5.904702377319335938e+01
6.770132168486004964e-01 5.845734405517578125e+01
6.801548095021903162e-01 5.768159866333007812e+01
6.832964021557800249e-01 5.695322799682617188e+01
6.864379948093698447e-01 5.652225875854492188e+01
6.895795874629596645e-01 5.570832061767578125e+01
6.927211801165493732e-01 5.502430343627929688e+01
6.958627727701391930e-01 5.444192504882812500e+01
6.990043654237290127e-01 5.394277191162109375e+01
7.021459580773188325e-01 5.336447525024414062e+01
7.052875507309086522e-01 5.256483459472656250e+01
7.084291433844983610e-01 5.205120086669921875e+01
7.115707360380881807e-01 5.148279571533203125e+01
7.147123286916780005e-01 5.097880935668945312e+01
7.178539213452677092e-01 5.035609817504882812e+01
7.209955139988575290e-01 4.988384628295898438e+01
7.241371066524473488e-01 4.930162048339843750e+01
7.272786993060371685e-01 4.886784362792968750e+01
7.304202919596269883e-01 4.835039901733398438e+01
7.335618846132166970e-01 4.782553100585937500e+01
7.367034772668065168e-01 4.716555023193359375e+01
7.398450699203963365e-01 4.687614059448242188e+01
7.429866625739861563e-01 4.630342483520507812e+01
7.461282552275758650e-01 4.580675125122070312e+01
7.492698478811656848e-01 4.535842514038085938e+01
7.524114405347555046e-01 4.498614120483398438e+01
7.555530331883453243e-01 4.450500106811523438e+01
7.586946258419351441e-01 4.401316452026367188e+01
7.618362184955248528e-01 4.365758514404296875e+01
7.649778111491146726e-01 4.299447250366210938e+01
7.681194038027044924e-01 4.268844604492187500e+01
7.712609964562942011e-01 4.235820770263671875e+01
7.744025891098840209e-01 4.185067367553710938e+01
7.775441817634738406e-01 4.140641784667968750e+01
7.806857744170636604e-01 4.110734939575195312e+01
7.838273670706534801e-01 4.057918548583984375e+01
7.869689597242431889e-01 4.035137176513671875e+01
7.901105523778330086e-01 3.988104629516601562e+01
7.932521450314228284e-01 3.944707489013671875e+01
7.963937376850125371e-01 3.910711669921875000e+01
7.995353303386023569e-01 3.880821228027343750e+01
8.026769229921921767e-01 3.860977935791015625e+01
8.058185156457819964e-01 3.802923965454101562e+01
8.089601082993718162e-01 3.777503585815429688e+01
8.121017009529616359e-01 3.746770858764648438e+01
8.152432936065513447e-01 3.710115432739257812e+01
8.183848862601411644e-01 3.682289123535156250e+01
8.215264789137309842e-01 3.642091369628906250e+01
8.246680715673206929e-01 3.620286560058593750e+01
8.278096642209105127e-01 3.589095687866210938e+01
8.309512568745003325e-01 3.553360366821289062e+01
8.340928495280901522e-01 3.522258377075195312e+01
8.372344421816799720e-01 3.492710113525390625e+01
8.403760348352696807e-01 3.469565963745117188e+01
8.435176274888595005e-01 3.433648681640625000e+01
8.466592201424493203e-01 3.402462768554687500e+01
8.498008127960390290e-01 3.379512023925781250e+01
8.529424054496288488e-01 3.354882431030273438e+01
8.560839981032186685e-01 3.333086013793945312e+01
8.592255907568084883e-01 3.308859252929687500e+01
8.623671834103983080e-01 3.276863479614257812e+01
8.655087760639880168e-01 3.257470703125000000e+01
8.686503687175778365e-01 3.228735733032226562e+01
8.717919613711676563e-01 3.210156250000000000e+01
8.749335540247574761e-01 3.184241485595703125e+01
8.780751466783471848e-01 3.166401863098144531e+01
8.812167393319370046e-01 3.140990447998046875e+01
8.843583319855268243e-01 3.110441398620605469e+01
8.874999246391166441e-01 3.099402046203613281e+01
8.906415172927064638e-01 3.077085876464843750e+01
8.937831099462961726e-01 3.053000068664550781e+01
8.969247025998859923e-01 3.031093978881835938e+01
9.000662952534758121e-01 3.020508575439453125e+01
9.032078879070655208e-01 2.997167587280273438e+01
