1.570796326794896653e-03 6.379679199218750000e+03
4.712388980384689743e-03 6.250797363281250000e+03
7.853981633974483484e-03 1.385425683593750000e+04
1.099557428756427549e-02 1.300132812500000000e+04
1.413716694115407096e-02 1.345686132812500000e+04
1.727875959474386297e-02 1.270835644531250000e+04
2.042035224833365498e-02 1.244074023437500000e+04
2.356194490192345045e-02 1.215296484375000000e+04
2.670353755551324246e-02 1.251952929687500000e+04
2.984513020910303793e-02 1.078868261718750000e+04
3.298672286269282994e-02 1.064202343750000000e+04
3.612831551628262194e-02 9.578846679687500000e+03
3.926990816987241395e-02 8.565785156250000000e+03
4.241150082346220596e-02 7.870416992187500000e+03
4.555309347705200490e-02 7.356802734375000000e+03
4.869468613064179691e-02 6.617014648437500000e+03
5.183627878423158891e-02 6.646945312500000000e+03
5.497787143782138092e-02 6.170804687500000000e+03
5.811946409141117986e-02 6.020834960937500000e+03
6.126105674500097187e-02 5.870561035156250000e+03
6.440264939859076387e-02 5.428682617187500000e+03
6.754424205218055588e-02 5.489103515625000000e+03
7.068583470577034789e-02 5.002783203125000000e+03
7.382742735936013989e-02 4.862146484375000000e+03
7.696902001294993190e-02 4.542609375000000000e+03
8.011061266653972390e-02 4.212162109375000000e+03
8.325220532012952979e-02 4.140694335937500000e+03
8.639379797371932179e-02 3.684482910156250000e+03
8.953539062730911380e-02 3.466213134765625000e+03
9.267698328089890580e-02 3.288289550781250000e+03
9.581857593448869781e-02 3.053067871093750000e+03
9.896016858807848982e-02 2.944379882812500000e+03
1.021017612416682818e-01 2.752099609375000000e+03
1.052433538952580738e-01 2.619714111328125000e+03
1.083849465488478658e-01 2.494517089843750000e+03
1.115265392024376578e-01 2.401290039062500000e+03
1.146681318560274498e-01 2.328951660156250000e+03
1.178097245096172418e-01 2.250171630859375000e+03
1.209513171632070477e-01 2.190519531250000000e+03
1.240929098167968397e-01 2.174816162109375000e+03
1.272345024703866456e-01 2.088819335937500000e+03
1.303760951239764099e-01 2.055203857421875000e+03
1.335176877775662296e-01 1.943067504882812500e+03
1.366592804311559939e-01 1.842483886718750000e+03
1.398008730847458136e-01 1.803503173828125000e+03
1.429424657383355779e-01 1.708721069335937500e+03
1.460840583919253977e-01 1.651354492187500000e+03
1.492256510455151619e-01 1.571534790039062500e+03
1.523672436991049817e-01 1.487607055664062500e+03
1.555088363526947459e-01 1.419128906250000000e+03
1.586504290062845657e-01 1.367958007812500000e+03
1.617920216598743299e-01 1.328332641601562500e+03
1.649336143134641497e-01 1.268489868164062500e+03
1.680752069670539417e-01 1.236516723632812500e+03
1.712167996206437337e-01 1.180387451171875000e+03
1.743583922742335535e-01 1.143708984375000000e+03
1.774999849278233177e-01 1.122344482421875000e+03
1.806415775814131375e-01 1.082535522460937500e+03
1.837831702350029017e-01 1.059806152343750000e+03
1.869247628885927215e-01 1.037247436523437500e+03
1.900663555421824857e-01 1.023199645996093750e+03
1.932079481957723055e-01 9.713071289062500000e+02
1.963495408493620697e-01 9.387587280273437500e+02
1.994911335029518895e-01 9.291975097656250000e+02
2.026327261565416538e-01 9.030379028320312500e+02
2.057743188101314735e-01 8.713259277343750000e+02
2.089159114637212378e-01 8.448840942382812500e+02
2.120575041173110575e-01 8.161817626953125000e+02
2.151990967709008218e-01 7.835701904296875000e+02
2.183406894244906415e-01 7.579186401367187500e+02
2.214822820780804058e-01 7.396853637695312500e+02
2.246238747316702256e-01 7.191524047851562500e+02
2.277654673852599898e-01 6.993001098632812500e+02
2.309070600388498096e-01 6.745107421875000000e+02
2.340486526924396016e-01 6.619604492187500000e+02
2.371902453460293936e-01 6.355764770507812500e+02
2.403318379996192133e-01 6.307322998046875000e+02
2.434734306532089776e-01 6.032346191406250000e+02
2.466150233067987974e-01 6.001555786132812500e+02
2.497566159603885616e-01 5.875689086914062500e+02
2.528982086139783814e-01 5.704358520507812500e+02
2.560398012675681456e-01 5.577575683593750000e+02
2.591813939211579099e-01 5.413941650390625000e+02
2.623229865747477296e-01 5.231058349609375000e+02
2.654645792283375494e-01 5.157778930664062500e+02
2.686061718819273136e-01 5.037208557128906250e+02
2.717477645355171334e-01 4.869921875000000000e+02
2.748893571891068976e-01 4.808088073730468750e+02
2.780309498426967174e-01 4.648500671386718750e+02
2.811725424962865372e-01 4.550278625488281250e+02
2.843141351498763014e-01 4.437323608398437500e+02
2.874557278034660657e-01 4.360892028808593750e+02
2.905973204570558854e-01 4.224620361328125000e+02
2.937389131106457052e-01 4.140724792480468750e+02
2.968805057642354694e-01 4.034800415039062500e+02
3.000220984178252337e-01 3.939513244628906250e+02
3.031636910714150535e-01 3.863447265625000000e+02
3.063052837250048732e-01 3.760014648437500000e+02
3.094468763785946375e-01 3.709898071289062500e+02
3.125884690321844017e-01 3.634523925781250000e+02
3.157300616857742215e-01 3.536212768554687500e+02
3.188716543393640412e-01 3.495971069335937500e+02
3.220132469929538055e-01 3.420338439941406250e+02
3.251548396465435697e-01 3.339775695800781250e+02
3.282964323001333895e-01 3.251415100097656250e+02
3.314380249537232093e-01 3.218373413085937500e+02
3.345796176073129735e-01 3.118985290527343750e+02
3.377212102609027933e-01 3.065686035156250000e+02
3.408628029144925575e-01 2.980881652832031250e+02
3.440043955680823773e-01 2.967232666015625000e+02
3.471459882216721970e-01 2.871592712402343750e+02
3.502875808752619613e-01 2.810281677246093750e+02
3.534291735288517255e-01 2.759816284179687500e+02
3.565707661824415453e-01 2.714830322265625000e+02
3.597123588360313651e-01 2.657600097656250000e+02
3.628539514896211293e-01 2.602367858886718750e+02
3.659955441432108936e-01 2.549176635742187500e+02
3.691371367968007133e-01 2.501511535644531250e+02
3.722787294503905331e-01 2.458821716308593750e+02
3.754203221039802973e-01 2.419136505126953125e+02
3.785619147575700616e-01 2.372258453369140625e+02
3.817035074111598814e-01 2.322031555175781250e+02
3.848451000647497011e-01 2.291505126953125000e+02
3.879866927183394654e-01 2.248168945312500000e+02
3.911282853719292296e-01 2.215641784667968750e+02
3.942698780255190494e-01 2.152013702392578125e+02
3.974114706791088691e-01 2.125838775634765625e+02
4.005530633326986334e-01 2.077789916992187500e+02
4.036946559862884532e-01 2.040948028564453125e+02
4.068362486398782174e-01 2.018090820312500000e+02
4.099778412934680372e-01 1.979455261230468750e+02
4.131194339470578569e-01 1.933225097656250000e+02
4.162610266006476212e-01 1.910541839599609375e+02
4.194026192542373854e-01 1.871367797851562500e+02
4.225442119078272052e-01 1.839617309570312500e+02
4.256858045614170249e-01 1.811712951660156250e+02
4.288273972150067892e-01 1.776399078369140625e+02
4.319689898685965534e-01 1.750085449218750000e+02
4.351105825221863732e-01 1.708011474609375000e+02
4.382521751757761930e-01 1.691967468261718750e+02
4.413937678293659572e-01 1.663173828125000000e+02
4.445353604829557215e-01 1.631655731201171875e+02
4.476769531365455412e-01 1.600163421630859375e+02
4.508185457901353610e-01 1.576901245117187500e+02
4.539601384437251252e-01 1.547539520263671875e+02
4.571017310973148895e-01 1.523262634277343750e+02
4.602433237509047093e-01 1.506072845458984375e+02
4.633849164044945290e-01 1.477004547119140625e+02
4.665265090580842933e-01 1.447604522705078125e+02
4.696681017116741130e-01 1.433122100830078125e+02
4.728096943652638773e-01 1.403961639404296875e+02
4.759512870188536970e-01 1.385361938476562500e+02
4.790928796724435168e-01 1.367807617187500000e+02
4.822344723260332811e-01 1.346551055908203125e+02
4.853760649796230453e-01 1.316995239257812500e+02
4.885176576332128651e-01 1.303343353271484375e+02
4.916592502868026848e-01 1.282357330322265625e+02
4.948008429403924491e-01 1.267332534790039062e+02
4.979424355939822133e-01 1.246084442138671875e+02
5.010840282475720331e-01 1.230515365600585938e+02
5.042256209011618528e-01 1.205337295532226562e+02
5.073672135547515616e-01 1.184276580810546875e+02
5.105088062083413813e-01 1.171761245727539062e+02
5.136503988619312011e-01 1.153537063598632812e+02
5.167919915155210209e-01 1.136196212768554688e+02
5.199335841691108406e-01 1.119700469970703125e+02
5.230751768227005494e-01 1.099945831298828125e+02
5.262167694762903691e-01 1.092648849487304688e+02
5.293583621298801889e-01 1.070902481079101562e+02
5.324999547834698976e-01 1.059626312255859375e+02
5.356415474370597174e-01 1.038268432617187500e+02
5.387831400906495372e-01 1.027571029663085938e+02
5.419247327442393569e-01 1.013159713745117188e+02
5.450663253978291767e-01 9.968026733398437500e+01
5.482079180514189964e-01 9.816590118408203125e+01
5.513495107050087052e-01 9.686037445068359375e+01
5.544911033585985249e-01 9.553659057617187500e+01
5.576326960121883447e-01 9.429690551757812500e+01
5.607742886657780534e-01 9.304616546630859375e+01
5.639158813193678732e-01 9.183367156982421875e+01
5.670574739729576930e-01 9.051122283935546875e+01
5.701990666265475127e-01 8.942914581298828125e+01
5.733406592801373325e-01 8.833889770507812500e+01
5.764822519337270412e-01 8.710630035400390625e+01
5.796238445873168610e-01 8.592985534667968750e+01
5.827654372409066807e-01 8.462495422363281250e+01
5.859070298944963895e-01 8.343773651123046875e+01
5.890486225480862092e-01 8.243009185791015625e+01
5.921902152016760290e-01 8.135475158691406250e+01
5.953318078552658488e-01 8.053350067138671875e+01
5.984734005088556685e-01 7.932367706298828125e+01
6.016149931624453773e-01 7.841932678222656250e+01
6.047565858160351970e-01 7.726556396484375000e+01
6.078981784696250168e-01 7.632096862792968750e+01
6.110397711232148366e-01 7.548677062988281250e+01
6.141813637768045453e-01 7.451776123046875000e+01
6.173229564303943651e-01 7.329042053222656250e+01
6.204645490839841848e-01 7.246858215332031250e+01
6.236061417375740046e-01 7.168206787109375000e+01
6.267477343911638243e-01 7.078571319580078125e+01
6.298893270447535331e-01 6.979052734375000000e+01
6.330309196983433528e-01 6.894776916503906250e+01
6.361725123519331726e-01 6.808499145507812500e+01
6.393141050055228813e-01 6.717415618896484375e+01
6.424556976591127011e-01 6.644772338867187500e+01
6.455972903127025209e-01 6.546066284179687500e+01
6.487388829662923406e-01 6.512889099121093750e+01
6.518804756198821604e-01 6.406963348388671875e+01
6.550220682734718691e-01 6.352105712890625000e+01
6.581636609270616889e-01 6.244959259033203125e+01
6.613052535806515086e-01 6.181520843505859375e+01
6.644468462342412174e-01 6.118684768676757812e+01
6.675884388878310371e-01 6.043669891357421875e+01
6.707300315414208569e-01 5.969685745239257812e+01
6.738716241950106767e-01 5.904655075073242188e+01
6.770132168486004964e-01 5.846937942504882812e+01
6.801548095021903162e-01 5.759621047973632812e+01
6.832964021557800249e-01 5.701992797851562500e+01
6.864379948093698447e-01 5.622389602661132812e+01
6.895795874629596645e-01 5.566794204711914062e+01
6.927211801165493732e-01 5.513500595092773438e+01
6.958627727701391930e-01 5.451198196411132812e+01
6.990043654237290127e-01 5.379962158203125000e+01
7.021459580773188325e-01 5.332292938232421875e+01
7.052875507309086522e-01 5.270773696899414062e+01
7.084291433844983610e-01 5.215006256103515625e+01
7.115707360380881807e-01 5.150510025024414062e+01
7.147123286916780005e-01 5.090065383911132812e+01
7.178539213452677092e-01 5.046607971191406250e+01
7.209955139988575290e-01 4.985935211181640625e+01
7.241371066524473488e-01 4.931450653076171875e+01
7.272786993060371685e-01 4.884809112548828125e+01
7.304202919596269883e-01 4.828139495849609375e+01
7.335618846132166970e-01 4.772393035888671875e+01
7.367034772668065168e-01 4.744749832153320312e+01
7.398450699203963365e-01 4.685721588134765625e+01
7.429866625739861563e-01 4.631494903564453125e+01
7.461282552275758650e-01 4.596895599365234375e+01
7.492698478811656848e-01 4.542675781250000000e+01
7.524114405347555046e-01 4.489703750610351562e+01
7.555530331883453243e-01 4.445499038696289062e+01
7.586946258419351441e-01 4.399316787719726562e+01
7.618362184955248528e-01 4.348608779907226562e+01
7.649778111491146726e-01 4.321205139160156250e+01
7.681194038027044924e-01 4.275994491577148438e+01
7.712609964562942011e-01 4.223678207397460938e+01
7.744025891098840209e-01 4.184970855712890625e+01
7.775441817634738406e-01 4.146199035644531250e+01
7.806857744170636604e-01 4.115896987915039062e+01
7.838273670706534801e-01 4.071730422973632812e+01
7.869689597242431889e-01 4.029876708984375000e+01
7.901105523778330086e-01 3.983567428588867188e+01
7.932521450314228284e-01 3.956653976440429688e+01
7.963937376850125371e-01 3.920636367797851562e+01
7.995353303386023569e-01 3.875507354736328125e+01
8.026769229921921767e-01 3.847671127319335938e+01
8.058185156457819964e-01 3.815741729736328125e+01
8.089601082993718162e-01 3.777918243408203125e+01
8.121017009529616359e-01 3.737817764282226562e+01
8.152432936065513447e-01 3.701248550415039062e+01
8.183848862601411644e-01 3.675070953369140625e+01
8.215264789137309842e-01 3.654265213012695312e+01
8.246680715673206929e-01 3.609623718261718750e+01
8.278096642209105127e-01 3.586727142333984375e+01
8.309512568745003325e-01 3.547626495361328125e+01
8.340928495280901522e-01 3.526946258544921875e+01
8.372344421816799720e-01 3.488838577270507812e+01
8.403760348352696807e-01 3.463602828979492188e+01
8.435176274888595005e-01 3.434653854370117188e+01
8.466592201424493203e-01 3.409829330444335938e+01
8.498008127960390290e-01 3.380093002319335938e+01
8.529424054496288488e-01 3.343584442138671875e+01
8.560839981032186685e-01 3.327991485595703125e+01
8.592255907568084883e-01 3.306655502319335938e+01
8.623671834103983080e-01 3.273545074462890625e+01
8.655087760639880168e-01 3.251403045654296875e+01
8.686503687175778365e-01 3.232355499267578125e+01
8.717919613711676563e-01 3.205504989624023438e+01
8.749335540247574761e-01 3.187032890319824219e+01
8.780751466783471848e-01 3.154591941833496094e+01
8.812167393319370046e-01 3.139639282226562500e+01
8.843583319855268243e-01 3.116825485229492188e+01
8.874999246391166441e-01 3.093502998352050781e+01
8.906415172927064638e-01 3.079483413696289062e+01
8.937831099462961726e-01 3.057637023925781250e+01
8.969247025998859923e-01 3.034757423400878906e+01
9.000662952534758121e-01 3.012351989746093750e+01
9.032078879070655208e-01 2.996389007568359375e+01
