1.570796326794896653e-03 7.019395019531250000e+03
4.712388980384689743e-03 6.824001464843750000e+03
7.853981633974483484e-03 1.102636230468750000e+04
1.099557428756427549e-02 1.456887988281250000e+04
1.413716694115407096e-02 1.393558398437500000e+04
1.727875959474386297e-02 1.446945605468750000e+04
2.042035224833365498e-02 1.508876660156250000e+04
2.356194490192345045e-02 1.455961816406250000e+04
2.670353755551324246e-02 1.260916015625000000e+04
2.984513020910303793e-02 1.149102050781250000e+04
3.298672286269282994e-02 1.067760742187500000e+04
3.612831551628262194e-02 9.183960937500000000e+03
3.926990816987241395e-02 9.188644531250000000e+03
4.241150082346220596e-02 8.492564453125000000e+03
4.555309347705200490e-02 7.738688476562500000e+03
4.869468613064179691e-02 7.042256347656250000e+03
5.183627878423158891e-02 6.810334472656250000e+03
5.497787143782138092e-02 6.787399902343750000e+03
5.811946409141117986e-02 6.721231933593750000e+03
6.126105674500097187e-02 6.163517089843750000e+03
6.440264939859076387e-02 5.826217773437500000e+03
6.754424205218055588e-02 5.912401367187500000e+03
7.068583470577034789e-02 5.518382812500000000e+03
7.382742735936013989e-02 5.254357421875000000e+03
7.696902001294993190e-02 5.113830078125000000e+03
8.011061266653972390e-02 4.553399414062500000e+03
8.325220532012952979e-02 4.465061523437500000e+03
8.639379797371932179e-02 4.062785156250000000e+03
8.953539062730911380e-02 4.038292480468750000e+03
9.267698328089890580e-02 3.676080566406250000e+03
9.581857593448869781e-02 3.466061279296875000e+03
9.896016858807848982e-02 3.288752441406250000e+03
1.021017612416682818e-01 3.130108154296875000e+03
1.052433538952580738e-01 3.043446777343750000e+03
1.083849465488478658e-01 2.894097412109375000e+03
1.115265392024376578e-01 2.785877929687500000e+03
1.146681318560274498e-01 2.758467529296875000e+03
1.178097245096172418e-01 2.629827392578125000e+03
1.209513171632070477e-01 2.643722900390625000e+03
1.240929098167968397e-01 2.538413085937500000e+03
1.272345024703866456e-01 2.492881835937500000e+03
1.303760951239764099e-01 2.419237060546875000e+03
1.335176877775662296e-01 2.330026855468750000e+03
1.366592804311559939e-01 2.266643554687500000e+03
1.398008730847458136e-01 2.219575439453125000e+03
1.429424657383355779e-01 2.143714111328125000e+03
1.460840583919253977e-01 2.049647949218750000e+03
1.492256510455151619e-01 1.968611083984375000e+03
1.523672436991049817e-01 1.850804443359375000e+03
1.555088363526947459e-01 1.797645507812500000e+03
1.586504290062845657e-01 1.733280395507812500e+03
1.617920216598743299e-01 1.700949096679687500e+03
1.649336143134641497e-01 1.644458007812500000e+03
1.680752069670539417e-01 1.621918823242187500e+03
1.712167996206437337e-01 1.556042602539062500e+03
1.743583922742335535e-01 1.526951416015625000e+03
1.774999849278233177e-01 1.481449340820312500e+03
1.806415775814131375e-01 1.436349487304687500e+03
1.837831702350029017e-01 1.449291137695312500e+03
1.869247628885927215e-01 1.411907348632812500e+03
1.900663555421824857e-01 1.379494750976562500e+03
1.932079481957723055e-01 1.330483886718750000e+03
1.963495408493620697e-01 1.310019287109375000e+03
1.994911335029518895e-01 1.267722534179687500e+03
2.026327261565416538e-01 1.258544189453125000e+03
2.057743188101314735e-01 1.237484741210937500e+03
2.089159114637212378e-01 1.209292724609375000e+03
2.120575041173110575e-01 1.169816650390625000e+03
2.151990967709008218e-01 1.139400878906250000e+03
2.183406894244906415e-01 1.118750732421875000e+03
2.214822820780804058e-01 1.082368408203125000e+03
2.246238747316702256e-01 1.074838378906250000e+03
2.277654673852599898e-01 1.039102661132812500e+03
2.309070600388498096e-01 1.016772766113281250e+03
2.340486526924396016e-01 9.993906250000000000e+02
2.371902453460293936e-01 9.800178222656250000e+02
2.403318379996192133e-01 9.616383056640625000e+02
2.434734306532089776e-01 9.425473022460937500e+02
2.466150233067987974e-01 9.348967895507812500e+02
2.497566159603885616e-01 9.143357543945312500e+02
2.528982086139783814e-01 9.032454833984375000e+02
2.560398012675681456e-01 8.875775756835937500e+02
2.591813939211579099e-01 8.710908813476562500e+02
2.623229865747477296e-01 8.600270385742187500e+02
2.654645792283375494e-01 8.402862548828125000e+02
2.686061718819273136e-01 8.309485473632812500e+02
2.717477645355171334e-01 8.178717041015625000e+02
2.748893571891068976e-01 8.001850585937500000e+02
2.780309498426967174e-01 7.891608886718750000e+02
2.811725424962865372e-01 7.771932983398437500e+02
2.843141351498763014e-01 7.598767700195312500e+02
2.874557278034660657e-01 7.538549804687500000e+02
2.905973204570558854e-01 7.432770996093750000e+02
2.937389131106457052e-01 7.274244995117187500e+02
2.968805057642354694e-01 7.224464721679687500e+02
3.000220984178252337e-01 7.097637329101562500e+02
3.031636910714150535e-01 7.034586791992187500e+02
3.063052837250048732e-01 6.892307739257812500e+02
3.094468763785946375e-01 6.767826538085937500e+02
3.125884690321844017e-01 6.687913208007812500e+02
3.157300616857742215e-01 6.644529418945312500e+02
3.188716543393640412e-01 6.561585693359375000e+02
3.220132469929538055e-01 6.455971679687500000e+02
3.251548396465435697e-01 6.355333251953125000e+02
3.282964323001333895e-01 6.286454467773437500e+02
3.314380249537232093e-01 6.195332031250000000e+02
3.345796176073129735e-01 6.167949829101562500e+02
3.377212102609027933e-01 6.045074462890625000e+02
3.408628029144925575e-01 5.947742309570312500e+02
3.440043955680823773e-01 5.875631103515625000e+02
3.471459882216721970e-01 5.809151000976562500e+02
3.502875808752619613e-01 5.748893432617187500e+02
3.534291735288517255e-01 5.672061767578125000e+02
3.565707661824415453e-01 5.648747558593750000e+02
3.597123588360313651e-01 5.550298461914062500e+02
3.628539514896211293e-01 5.489340820312500000e+02
3.659955441432108936e-01 5.429730834960937500e+02
3.691371367968007133e-01 5.387277221679687500e+02
3.722787294503905331e-01 5.308005981445312500e+02
3.754203221039802973e-01 5.277237548828125000e+02
3.785619147575700616e-01 5.175417480468750000e+02
3.817035074111598814e-01 5.141628417968750000e+02
3.848451000647497011e-01 5.103429870605468750e+02
3.879866927183394654e-01 5.072915954589843750e+02
3.911282853719292296e-01 4.983727416992187500e+02
3.942698780255190494e-01 4.923115844726562500e+02
3.974114706791088691e-01 4.912639160156250000e+02
4.005530633326986334e-01 4.843662414550781250e+02
4.036946559862884532e-01 4.793577575683593750e+02
4.068362486398782174e-01 4.722758483886718750e+02
4.099778412934680372e-01 4.691300354003906250e+02
4.131194339470578569e-01 4.650520019531250000e+02
4.162610266006476212e-01 4.615663146972656250e+02
4.194026192542373854e-01 4.547505187988281250e+02
4.225442119078272052e-01 4.528649902343750000e+02
4.256858045614170249e-01 4.476350402832031250e+02
4.288273972150067892e-01 4.419425964355468750e+02
4.319689898685965534e-01 4.367803039550781250e+02
4.351105825221863732e-01 4.363237304687500000e+02
4.382521751757761930e-01 4.326633300781250000e+02
4.413937678293659572e-01 4.283508300781250000e+02
4.445353604829557215e-01 4.249252624511718750e+02
4.476769531365455412e-01 4.201980285644531250e+02
4.508185457901353610e-01 4.150726928710937500e+02
4.539601384437251252e-01 4.136045532226562500e+02
4.571017310973148895e-01 4.092403869628906250e+02
4.602433237509047093e-01 4.047902832031250000e+02
4.633849164044945290e-01 4.026257324218750000e+02
4.665265090580842933e-01 4.012913818359375000e+02
4.696681017116741130e-01 3.954336242675781250e+02
4.728096943652638773e-01 3.939075927734375000e+02
4.759512870188536970e-01 3.906479492187500000e+02
4.790928796724435168e-01 3.874028015136718750e+02
4.822344723260332811e-01 3.838336181640625000e+02
4.853760649796230453e-01 3.808034667968750000e+02
4.885176576332128651e-01 3.781127624511718750e+02
4.916592502868026848e-01 3.764311218261718750e+02
4.948008429403924491e-01 3.743916320800781250e+02
4.979424355939822133e-01 3.696499938964843750e+02
5.010840282475720331e-01 3.684329833984375000e+02
5.042256209011618528e-01 3.642145080566406250e+02
5.073672135547515616e-01 3.602387084960937500e+02
5.105088062083413813e-01 3.589712829589843750e+02
5.136503988619312011e-01 3.579886779785156250e+02
5.167919915155210209e-01 3.539556274414062500e+02
5.199335841691108406e-01 3.524750061035156250e+02
5.230751768227005494e-01 3.488450012207031250e+02
5.262167694762903691e-01 3.457565307617187500e+02
5.293583621298801889e-01 3.434813232421875000e+02
5.324999547834698976e-01 3.408775939941406250e+02
5.356415474370597174e-01 3.396275939941406250e+02
5.387831400906495372e-01 3.357037048339843750e+02
5.419247327442393569e-01 3.357954101562500000e+02
5.450663253978291767e-01 3.340541687011718750e+02
5.482079180514189964e-01 3.309010620117187500e+02
5.513495107050087052e-01 3.286621704101562500e+02
5.544911033585985249e-01 3.253213806152343750e+02
5.576326960121883447e-01 3.243135986328125000e+02
5.607742886657780534e-01 3.228556213378906250e+02
5.639158813193678732e-01 3.202564392089843750e+02
5.670574739729576930e-01 3.186573486328125000e+02
5.701990666265475127e-01 3.159067077636718750e+02
5.733406592801373325e-01 3.130790405273437500e+02
5.764822519337270412e-01 3.125412597656250000e+02
5.796238445873168610e-01 3.109762878417968750e+02
5.827654372409066807e-01 3.094962768554687500e+02
5.859070298944963895e-01 3.076462402343750000e+02
5.890486225480862092e-01 3.052521057128906250e+02
5.921902152016760290e-01 3.040411682128906250e+02
5.953318078552658488e-01 3.007652587890625000e+02
5.984734005088556685e-01 2.995527038574218750e+02
6.016149931624453773e-01 2.970294799804687500e+02
6.047565858160351970e-01 2.955862121582031250e+02
6.078981784696250168e-01 2.942811584472656250e+02
6.110397711232148366e-01 2.937150878906250000e+02
6.141813637768045453e-01 2.911979370117187500e+02
6.173229564303943651e-01 2.899395751953125000e+02
6.204645490839841848e-01 2.875710754394531250e+02
6.236061417375740046e-01 2.866875915527343750e+02
6.267477343911638243e-01 2.850103759765625000e+02
6.298893270447535331e-01 2.826701965332031250e+02
6.330309196983433528e-01 2.815773315429687500e+02
6.361725123519331726e-01 2.801284179687500000e+02
6.393141050055228813e-01 2.783276367187500000e+02
6.424556976591127011e-01 2.780471496582031250e+02
6.455972903127025209e-01 2.764579162597656250e+02
6.487388829662923406e-01 2.736925354003906250e+02
6.518804756198821604e-01 2.733408813476562500e+02
6.550220682734718691e-01 2.713434448242187500e+02
6.581636609270616889e-01 2.708446655273437500e+02
6.613052535806515086e-01 2.696779479980468750e+02
6.644468462342412174e-01 2.678559265136718750e+02
6.675884388878310371e-01 2.664392089843750000e+02
6.707300315414208569e-01 2.646178894042968750e+02
6.738716241950106767e-01 2.624372863769531250e+02
6.770132168486004964e-01 2.618457031250000000e+02
6.801548095021903162e-01 2.610861511230468750e+02
6.832964021557800249e-01 2.591117553710937500e+02
6.864379948093698447e-01 2.587448730468750000e+02
6.895795874629596645e-01 2.568410339355468750e+02
6.927211801165493732e-01 2.554837341308593750e+02
6.958627727701391930e-01 2.547572479248046875e+02
6.990043654237290127e-01 2.535164489746093750e+02
7.021459580773188325e-01 2.521738281250000000e+02
7.052875507309086522e-01 2.506814727783203125e+02
7.084291433844983610e-01 2.493352966308593750e+02
7.115707360380881807e-01 2.486431732177734375e+02
7.147123286916780005e-01 2.470735931396484375e+02
7.178539213452677092e-01 2.460062713623046875e+02
7.209955139988575290e-01 2.452565002441406250e+02
7.241371066524473488e-01 2.440638122558593750e+02
7.272786993060371685e-01 2.431854400634765625e+02
7.304202919596269883e-01 2.418052520751953125e+02
7.335618846132166970e-01 2.407012939453125000e+02
7.367034772668065168e-01 2.399845275878906250e+02
7.398450699203963365e-01 2.391299743652343750e+02
7.429866625739861563e-01 2.375435333251953125e+02
7.461282552275758650e-01 2.359512634277343750e+02
7.492698478811656848e-01 2.354179687500000000e+02
7.524114405347555046e-01 2.346275177001953125e+02
7.555530331883453243e-01 2.333478393554687500e+02
7.586946258419351441e-01 2.325164489746093750e+02
7.618362184955248528e-01 2.318812866210937500e+02
7.649778111491146726e-01 2.304578247070312500e+02
7.681194038027044924e-01 2.295471801757812500e+02
7.712609964562942011e-01 2.286636657714843750e+02
7.744025891098840209e-01 2.274735565185546875e+02
7.775441817634738406e-01 2.277361145019531250e+02
7.806857744170636604e-01 2.260247650146484375e+02
7.838273670706534801e-01 2.248081359863281250e+02
7.869689597242431889e-01 2.238061065673828125e+02
7.901105523778330086e-01 2.232867889404296875e+02
7.932521450314228284e-01 2.216087036132812500e+02
7.963937376850125371e-01 2.211649780273437500e+02
7.995353303386023569e-01 2.205764770507812500e+02
8.026769229921921767e-01 2.189674987792968750e+02
8.058185156457819964e-01 2.188022460937500000e+02
8.089601082993718162e-01 2.185860900878906250e+02
8.121017009529616359e-01 2.169937896728515625e+02
8.152432936065513447e-01 2.156247558593750000e+02
8.183848862601411644e-01 2.160280914306640625e+02
8.215264789137309842e-01 2.146290893554687500e+02
8.246680715673206929e-01 2.134710083007812500e+02
8.278096642209105127e-01 2.129066009521484375e+02
8.309512568745003325e-01 2.117756958007812500e+02
8.340928495280901522e-01 2.109901275634765625e+02
8.372344421816799720e-01 2.101271667480468750e+02
8.403760348352696807e-01 2.096575927734375000e+02
8.435176274888595005e-01 2.082708435058593750e+02
8.466592201424493203e-01 2.078479919433593750e+02
8.498008127960390290e-01 2.073166961669921875e+02
8.529424054496288488e-01 2.064529266357421875e+02
8.560839981032186685e-01 2.057290191650390625e+02
8.592255907568084883e-01 2.046208038330078125e+02
8.623671834103983080e-01 2.045216979980468750e+02
8.655087760639880168e-01 2.033269348144531250e+02
8.686503687175778365e-01 2.026635742187500000e+02
8.717919613711676563e-01 2.022262420654296875e+02
8.749335540247574761e-01 2.012853088378906250e+02
8.780751466783471848e-01 2.005865478515625000e+02
8.812167393319370046e-01 1.999724884033203125e+02
8.843583319855268243e-01 1.994089813232421875e+02
8.874999246391166441e-01 1.984658050537109375e+02
8.906415172927064638e-01 1.977006072998046875e+02
8.937831099462961726e-01 1.968040924072265625e+02
8.969247025998859923e-01 1.967086334228515625e+02
9.000662952534758121e-01 1.957124633789062500e+02
9.032078879070655208e-01 1.954585723876953125e+02
