1.570796326794896653e-03 7.360189819335937500e+02
4.712388980384689743e-03 8.580533203125000000e+03
7.853981633974483484e-03 1.084387109375000000e+04
1.099557428756427549e-02 1.190080078125000000e+04
1.413716694115407096e-02 1.503092968750000000e+04
1.727875959474386297e-02 1.417247753906250000e+04
2.042035224833365498e-02 1.401720214843750000e+04
2.356194490192345045e-02 1.343181640625000000e+04
2.670353755551324246e-02 1.183168066406250000e+04
2.984513020910303793e-02 1.213724023437500000e+04
3.298672286269282994e-02 1.015195898437500000e+04
3.612831551628262194e-02 1.000141015625000000e+04
3.926990816987241395e-02 9.179423828125000000e+03
4.241150082346220596e-02 8.511427734375000000e+03
4.555309347705200490e-02 7.404601562500000000e+03
4.869468613064179691e-02 7.357401855468750000e+03
5.183627878423158891e-02 6.829498535156250000e+03
5.497787143782138092e-02 6.609893554687500000e+03
5.811946409141117986e-02 6.300962402343750000e+03
6.126105674500097187e-02 6.374480957031250000e+03
6.440264939859076387e-02 5.887031250000000000e+03
6.754424205218055588e-02 5.796151855468750000e+03
7.068583470577034789e-02 5.608683593750000000e+03
7.382742735936013989e-02 5.081399414062500000e+03
7.696902001294993190e-02 5.041610839843750000e+03
8.011061266653972390e-02 4.634755371093750000e+03
8.325220532012952979e-02 4.514207031250000000e+03
8.639379797371932179e-02 4.319156738281250000e+03
8.953539062730911380e-02 3.938271728515625000e+03
9.267698328089890580e-02 3.675938232421875000e+03
9.581857593448869781e-02 3.519393066406250000e+03
9.896016858807848982e-02 3.351894042968750000e+03
1.021017612416682818e-01 3.121837402343750000e+03
1.052433538952580738e-01 2.986987548828125000e+03
1.083849465488478658e-01 2.973731445312500000e+03
1.115265392024376578e-01 2.813201660156250000e+03
1.146681318560274498e-01 2.703357910156250000e+03
1.178097245096172418e-01 2.679532958984375000e+03
1.209513171632070477e-01 2.598142333984375000e+03
1.240929098167968397e-01 2.548353515625000000e+03
1.272345024703866456e-01 2.499282226562500000e+03
1.303760951239764099e-01 2.416725341796875000e+03
1.335176877775662296e-01 2.353245849609375000e+03
1.366592804311559939e-01 2.271771484375000000e+03
1.398008730847458136e-01 2.219133300781250000e+03
1.429424657383355779e-01 2.121716308593750000e+03
1.460840583919253977e-01 2.026451782226562500e+03
1.492256510455151619e-01 1.953513671875000000e+03
1.523672436991049817e-01 1.885084472656250000e+03
1.555088363526947459e-01 1.808369750976562500e+03
1.586504290062845657e-01 1.750047363281250000e+03
1.617920216598743299e-01 1.677972045898437500e+03
1.649336143134641497e-01 1.639222045898437500e+03
1.680752069670539417e-01 1.583377807617187500e+03
1.712167996206437337e-01 1.542749267578125000e+03
1.743583922742335535e-01 1.505116333007812500e+03
1.774999849278233177e-01 1.483099975585937500e+03
1.806415775814131375e-01 1.465391479492187500e+03
1.837831702350029017e-01 1.417679687500000000e+03
1.869247628885927215e-01 1.402237915039062500e+03
1.900663555421824857e-01 1.368198730468750000e+03
1.932079481957723055e-01 1.348883544921875000e+03
1.963495408493620697e-01 1.322777343750000000e+03
1.994911335029518895e-01 1.290245361328125000e+03
2.026327261565416538e-01 1.261039794921875000e+03
2.057743188101314735e-01 1.226827270507812500e+03
2.089159114637212378e-01 1.193740966796875000e+03
2.120575041173110575e-01 1.167254150390625000e+03
2.151990967709008218e-01 1.151384765625000000e+03
2.183406894244906415e-01 1.102739990234375000e+03
2.214822820780804058e-01 1.079487792968750000e+03
2.246238747316702256e-01 1.059223510742187500e+03
2.277654673852599898e-01 1.046329467773437500e+03
2.309070600388498096e-01 1.028242553710937500e+03
2.340486526924396016e-01 1.007788940429687500e+03
2.371902453460293936e-01 9.781337890625000000e+02
2.403318379996192133e-01 9.587760009765625000e+02
2.434734306532089776e-01 9.416131591796875000e+02
2.466150233067987974e-01 9.320234375000000000e+02
2.497566159603885616e-01 9.218699951171875000e+02
2.528982086139783814e-01 9.063847045898437500e+02
2.560398012675681456e-01 8.925346069335937500e+02
2.591813939211579099e-01 8.808578491210937500e+02
2.623229865747477296e-01 8.642493896484375000e+02
2.654645792283375494e-01 8.453847656250000000e+02
2.686061718819273136e-01 8.262332763671875000e+02
2.717477645355171334e-01 8.100629272460937500e+02
2.748893571891068976e-01 8.024045410156250000e+02
2.780309498426967174e-01 7.860184326171875000e+02
2.811725424962865372e-01 7.797834472656250000e+02
2.843141351498763014e-01 7.626553344726562500e+02
2.874557278034660657e-01 7.559777832031250000e+02
2.905973204570558854e-01 7.420029296875000000e+02
2.937389131106457052e-01 7.313898925781250000e+02
2.968805057642354694e-01 7.180864868164062500e+02
3.000220984178252337e-01 7.093257446289062500e+02
3.031636910714150535e-01 7.008355712890625000e+02
3.063052837250048732e-01 6.882422485351562500e+02
3.094468763785946375e-01 6.818587036132812500e+02
3.125884690321844017e-01 6.733797607421875000e+02
3.157300616857742215e-01 6.600260620117187500e+02
3.188716543393640412e-01 6.550106201171875000e+02
3.220132469929538055e-01 6.426530761718750000e+02
3.251548396465435697e-01 6.347386474609375000e+02
3.282964323001333895e-01 6.286964721679687500e+02
3.314380249537232093e-01 6.238442993164062500e+02
3.345796176073129735e-01 6.127893066406250000e+02
3.377212102609027933e-01 6.031557617187500000e+02
3.408628029144925575e-01 5.977563476562500000e+02
3.440043955680823773e-01 5.879302978515625000e+02
3.471459882216721970e-01 5.838552246093750000e+02
3.502875808752619613e-01 5.736890869140625000e+02
3.534291735288517255e-01 5.692082519531250000e+02
3.565707661824415453e-01 5.589161376953125000e+02
3.597123588360313651e-01 5.525011596679687500e+02
3.628539514896211293e-01 5.492440795898437500e+02
3.659955441432108936e-01 5.426516723632812500e+02
3.691371367968007133e-01 5.391301269531250000e+02
3.722787294503905331e-01 5.294579467773437500e+02
3.754203221039802973e-01 5.248888549804687500e+02
3.785619147575700616e-01 5.207147216796875000e+02
3.817035074111598814e-01 5.136193847656250000e+02
3.848451000647497011e-01 5.101720275878906250e+02
3.879866927183394654e-01 5.030101318359375000e+02
3.911282853719292296e-01 4.991505432128906250e+02
3.942698780255190494e-01 4.935812988281250000e+02
3.974114706791088691e-01 4.832053222656250000e+02
4.005530633326986334e-01 4.829298095703125000e+02
4.036946559862884532e-01 4.803880004882812500e+02
4.068362486398782174e-01 4.756450195312500000e+02
4.099778412934680372e-01 4.674727783203125000e+02
4.131194339470578569e-01 4.668607482910156250e+02
4.162610266006476212e-01 4.596438903808593750e+02
4.194026192542373854e-01 4.541152648925781250e+02
4.225442119078272052e-01 4.522900695800781250e+02
4.256858045614170249e-01 4.459490356445312500e+02
4.288273972150067892e-01 4.407710266113281250e+02
4.319689898685965534e-01 4.395168457031250000e+02
4.351105825221863732e-01 4.341146545410156250e+02
4.382521751757761930e-01 4.312364501953125000e+02
4.413937678293659572e-01 4.288587341308593750e+02
4.445353604829557215e-01 4.219964599609375000e+02
4.476769531365455412e-01 4.228157653808593750e+02
4.508185457901353610e-01 4.166128540039062500e+02
4.539601384437251252e-01 4.124981689453125000e+02
4.571017310973148895e-01 4.100704040527343750e+02
4.602433237509047093e-01 4.071501770019531250e+02
4.633849164044945290e-01 4.049514770507812500e+02
4.665265090580842933e-01 3.996973266601562500e+02
4.696681017116741130e-01 3.954943542480468750e+02
4.728096943652638773e-01 3.932455444335937500e+02
4.759512870188536970e-01 3.893122558593750000e+02
4.790928796724435168e-01 3.861860351562500000e+02
4.822344723260332811e-01 3.851397705078125000e+02
4.853760649796230453e-01 3.817989196777343750e+02
4.885176576332128651e-01 3.768996582031250000e+02
4.916592502868026848e-01 3.734336853027343750e+02
4.948008429403924491e-01 3.724533386230468750e+02
4.979424355939822133e-01 3.690715026855468750e+02
5.010840282475720331e-01 3.663121032714843750e+02
5.042256209011618528e-01 3.632034301757812500e+02
5.073672135547515616e-01 3.605401000976562500e+02
5.105088062083413813e-01 3.574054260253906250e+02
5.136503988619312011e-01 3.548118591308593750e+02
5.167919915155210209e-01 3.548551940917968750e+02
5.199335841691108406e-01 3.507939453125000000e+02
5.230751768227005494e-01 3.487104797363281250e+02
5.262167694762903691e-01 3.458606567382812500e+02
5.293583621298801889e-01 3.453524780273437500e+02
5.324999547834698976e-01 3.421599731445312500e+02
5.356415474370597174e-01 3.380834350585937500e+02
5.387831400906495372e-01 3.367303466796875000e+02
5.419247327442393569e-01 3.333604736328125000e+02
5.450663253978291767e-01 3.314209289550781250e+02
5.482079180514189964e-01 3.299820251464843750e+02
5.513495107050087052e-01 3.272060241699218750e+02
5.544911033585985249e-01 3.253640136718750000e+02
5.576326960121883447e-01 3.238028564453125000e+02
5.607742886657780534e-01 3.225091857910156250e+02
5.639158813193678732e-01 3.190092468261718750e+02
5.670574739729576930e-01 3.166390075683593750e+02
5.701990666265475127e-01 3.148385620117187500e+02
5.733406592801373325e-01 3.130399169921875000e+02
5.764822519337270412e-01 3.108675537109375000e+02
5.796238445873168610e-01 3.091893310546875000e+02
5.827654372409066807e-01 3.076755065917968750e+02
5.859070298944963895e-01 3.052919311523437500e+02
5.890486225480862092e-01 3.046029357910156250e+02
5.921902152016760290e-01 3.026965637207031250e+02
5.953318078552658488e-01 3.007590026855468750e+02
5.984734005088556685e-01 2.992405395507812500e+02
6.016149931624453773e-01 2.974025878906250000e+02
6.047565858160351970e-01 2.955196838378906250e+02
6.078981784696250168e-01 2.946458740234375000e+02
6.110397711232148366e-01 2.930838623046875000e+02
6.141813637768045453e-01 2.898628540039062500e+02
6.173229564303943651e-01 2.900718383789062500e+02
6.204645490839841848e-01 2.869506225585937500e+02
6.236061417375740046e-01 2.852822570800781250e+02
6.267477343911638243e-01 2.841248779296875000e+02
6.298893270447535331e-01 2.822501220703125000e+02
6.330309196983433528e-01 2.796739501953125000e+02
6.361725123519331726e-01 2.791365966796875000e+02
6.393141050055228813e-01 2.777229003906250000e+02
6.424556976591127011e-01 2.759415588378906250e+02
6.455972903127025209e-01 2.747757263183593750e+02
6.487388829662923406e-01 2.745712890625000000e+02
6.518804756198821604e-01 2.720652160644531250e+02
6.550220682734718691e-01 2.710942993164062500e+02
6.581636609270616889e-01 2.695694580078125000e+02
6.613052535806515086e-01 2.678935852050781250e+02
6.644468462342412174e-01 2.650834045410156250e+02
6.675884388878310371e-01 2.648979187011718750e+02
6.707300315414208569e-01 2.635962219238281250e+02
6.738716241950106767e-01 2.623966979980468750e+02
6.770132168486004964e-01 2.618034057617187500e+02
6.801548095021903162e-01 2.592186584472656250e+02
6.832964021557800249e-01 2.590754394531250000e+02
6.864379948093698447e-01 2.578876647949218750e+02
6.895795874629596645e-01 2.549676055908203125e+02
6.927211801165493732e-01 2.543459625244140625e+02
6.958627727701391930e-01 2.539113922119140625e+02
6.990043654237290127e-01 2.528849792480468750e+02
7.021459580773188325e-01 2.515494995117187500e+02
7.052875507309086522e-01 2.499440612792968750e+02
7.084291433844983610e-01 2.496991271972656250e+02
7.115707360380881807e-01 2.477298431396484375e+02
7.147123286916780005e-01 2.463467864990234375e+02
7.178539213452677092e-01 2.457121276855468750e+02
7.209955139988575290e-01 2.439062652587890625e+02
7.241371066524473488e-01 2.434999237060546875e+02
7.272786993060371685e-01 2.424869537353515625e+02
7.304202919596269883e-01 2.413765106201171875e+02
7.335618846132166970e-01 2.396146240234375000e+02
7.367034772668065168e-01 2.390991973876953125e+02
7.398450699203963365e-01 2.378187103271484375e+02
7.429866625739861563e-01 2.365712280273437500e+02
7.461282552275758650e-01 2.363272552490234375e+02
7.492698478811656848e-01 2.350695037841796875e+02
7.524114405347555046e-01 2.334728240966796875e+02
7.555530331883453243e-01 2.332059020996093750e+02
7.586946258419351441e-01 2.312506408691406250e+02
7.618362184955248528e-01 2.307297973632812500e+02
7.649778111491146726e-01 2.297232208251953125e+02
7.681194038027044924e-01 2.289658660888671875e+02
7.712609964562942011e-01 2.278131256103515625e+02
7.744025891098840209e-01 2.270500488281250000e+02
7.775441817634738406e-01 2.263187103271484375e+02
7.806857744170636604e-01 2.255593261718750000e+02
7.838273670706534801e-01 2.241264343261718750e+02
7.869689597242431889e-01 2.233390502929687500e+02
7.901105523778330086e-01 2.226334381103515625e+02
7.932521450314228284e-01 2.211982269287109375e+02
7.963937376850125371e-01 2.209241790771484375e+02
7.995353303386023569e-01 2.198118438720703125e+02
8.026769229921921767e-01 2.194763031005859375e+02
8.058185156457819964e-01 2.182245635986328125e+02
8.089601082993718162e-01 2.171729888916015625e+02
8.121017009529616359e-01 2.163273925781250000e+02
8.152432936065513447e-01 2.152460937500000000e+02
8.183848862601411644e-01 2.143705444335937500e+02
8.215264789137309842e-01 2.141950531005859375e+02
8.246680715673206929e-01 2.125868225097656250e+02
8.278096642209105127e-01 2.124906463623046875e+02
8.309512568745003325e-01 2.117833251953125000e+02
8.340928495280901522e-01 2.104734802246093750e+02
8.372344421816799720e-01 2.096298828125000000e+02
8.403760348352696807e-01 2.095129089355468750e+02
8.435176274888595005e-01 2.084757537841796875e+02
8.466592201424493203e-01 2.071412200927734375e+02
8.498008127960390290e-01 2.072636566162109375e+02
8.529424054496288488e-01 2.056179504394531250e+02
8.560839981032186685e-01 2.044496002197265625e+02
8.592255907568084883e-01 2.041470489501953125e+02
8.623671834103983080e-01 2.034083251953125000e+02
8.655087760639880168e-01 2.027975921630859375e+02
8.686503687175778365e-01 2.024199371337890625e+02
8.717919613711676563e-01 2.008326416015625000e+02
8.749335540247574761e-01 2.016349029541015625e+02
8.780751466783471848e-01 2.000019378662109375e+02
8.812167393319370046e-01 1.991501922607421875e+02
8.843583319855268243e-01 1.983196716308593750e+02
8.874999246391166441e-01 1.976922149658203125e+02
8.906415172927064638e-01 1.968053131103515625e+02
8.937831099462961726e-01 1.962379760742187500e+02
8.969247025998859923e-01 1.956331176757812500e+02
9.000662952534758121e-01 1.951647033691406250e+02
9.032078879070655208e-01 1.943403015136718750e+02
