1.570796326794896653e-03 2.504058349609375000e+03
4.712388980384689743e-03 5.993464355468750000e+03
7.853981633974483484e-03 1.232781250000000000e+04
1.099557428756427549e-02 1.385645312500000000e+04
1.413716694115407096e-02 1.459689941406250000e+04
1.727875959474386297e-02 1.453719140625000000e+04
2.042035224833365498e-02 1.313547265625000000e+04
2.356194490192345045e-02 1.418611328125000000e+04
2.670353755551324246e-02 1.173288867187500000e+04
2.984513020910303793e-02 1.179284863281250000e+04
3.298672286269282994e-02 1.086954492187500000e+04
3.612831551628262194e-02 1.064609082031250000e+04
3.926990816987241395e-02 9.025166015625000000e+03
4.241150082346220596e-02 8.287273437500000000e+03
4.555309347705200490e-02 7.843747070312500000e+03
4.869468613064179691e-02 7.152546386718750000e+03
5.183627878423158891e-02 7.164974121093750000e+03
5.497787143782138092e-02 6.825024902343750000e+03
5.811946409141117986e-02 6.529135742187500000e+03
6.126105674500097187e-02 6.047313964843750000e+03
6.440264939859076387e-02 5.988155273437500000e+03
6.754424205218055588e-02 5.792260253906250000e+03
7.068583470577034789e-02 5.725091308593750000e+03
7.382742735936013989e-02 5.375824218750000000e+03
7.696902001294993190e-02 4.953187988281250000e+03
8.011061266653972390e-02 4.596623535156250000e+03
8.325220532012952979e-02 4.612741699218750000e+03
8.639379797371932179e-02 4.120224121093750000e+03
8.953539062730911380e-02 3.882060302734375000e+03
9.267698328089890580e-02 3.687225830078125000e+03
9.581857593448869781e-02 3.479730712890625000e+03
9.896016858807848982e-02 3.379781738281250000e+03
1.021017612416682818e-01 3.203070556640625000e+03
1.052433538952580738e-01 3.012719726562500000e+03
1.083849465488478658e-01 2.949306640625000000e+03
1.115265392024376578e-01 2.833275146484375000e+03
1.146681318560274498e-01 2.730558837890625000e+03
1.178097245096172418e-01 2.689537109375000000e+03
1.209513171632070477e-01 2.616290283203125000e+03
1.240929098167968397e-01 2.564255126953125000e+03
1.272345024703866456e-01 2.484523193359375000e+03
1.303760951239764099e-01 2.453602294921875000e+03
1.335176877775662296e-01 2.361536621093750000e+03
1.366592804311559939e-01 2.305119628906250000e+03
1.398008730847458136e-01 2.199219482421875000e+03
1.429424657383355779e-01 2.109629394531250000e+03
1.460840583919253977e-01 2.048631347656250000e+03
1.492256510455151619e-01 1.954201538085937500e+03
1.523672436991049817e-01 1.888852905273437500e+03
1.555088363526947459e-01 1.807239135742187500e+03
1.586504290062845657e-01 1.726217651367187500e+03
1.617920216598743299e-01 1.698640014648437500e+03
1.649336143134641497e-01 1.629857299804687500e+03
1.680752069670539417e-01 1.596741699218750000e+03
1.712167996206437337e-01 1.555485595703125000e+03
1.743583922742335535e-01 1.518722900390625000e+03
1.774999849278233177e-01 1.487218139648437500e+03
1.806415775814131375e-01 1.469183837890625000e+03
1.837831702350029017e-01 1.414511474609375000e+03
1.869247628885927215e-01 1.409915039062500000e+03
1.900663555421824857e-01 1.361655883789062500e+03
1.932079481957723055e-01 1.331232543945312500e+03
1.963495408493620697e-01 1.322544311523437500e+03
1.994911335029518895e-01 1.289921752929687500e+03
2.026327261565416538e-01 1.259448852539062500e+03
2.057743188101314735e-01 1.232674682617187500e+03
2.089159114637212378e-01 1.204288452148437500e+03
2.120575041173110575e-01 1.162421386718750000e+03
2.151990967709008218e-01 1.147682861328125000e+03
2.183406894244906415e-01 1.102906250000000000e+03
2.214822820780804058e-01 1.087577514648437500e+03
2.246238747316702256e-01 1.066291015625000000e+03
2.277654673852599898e-01 1.045730346679687500e+03
2.309070600388498096e-01 1.026441040039062500e+03
2.340486526924396016e-01 1.005335998535156250e+03
2.371902453460293936e-01 9.759078369140625000e+02
2.403318379996192133e-01 9.658175659179687500e+02
2.434734306532089776e-01 9.519054565429687500e+02
2.466150233067987974e-01 9.412750244140625000e+02
2.497566159603885616e-01 9.136407470703125000e+02
2.528982086139783814e-01 8.988437500000000000e+02
2.560398012675681456e-01 8.860954589843750000e+02
2.591813939211579099e-01 8.716196289062500000e+02
2.623229865747477296e-01 8.661259765625000000e+02
2.654645792283375494e-01 8.402215576171875000e+02
2.686061718819273136e-01 8.335853271484375000e+02
2.717477645355171334e-01 8.171423950195312500e+02
2.748893571891068976e-01 7.950734252929687500e+02
2.780309498426967174e-01 7.919401855468750000e+02
2.811725424962865372e-01 7.827537841796875000e+02
2.843141351498763014e-01 7.706600341796875000e+02
2.874557278034660657e-01 7.523942260742187500e+02
2.905973204570558854e-01 7.362467041015625000e+02
2.937389131106457052e-01 7.272514038085937500e+02
2.968805057642354694e-01 7.196460571289062500e+02
3.000220984178252337e-01 7.079483642578125000e+02
3.031636910714150535e-01 6.995765991210937500e+02
3.063052837250048732e-01 6.935590209960937500e+02
3.094468763785946375e-01 6.816791992187500000e+02
3.125884690321844017e-01 6.704016723632812500e+02
3.157300616857742215e-01 6.630505981445312500e+02
3.188716543393640412e-01 6.535831909179687500e+02
3.220132469929538055e-01 6.476846313476562500e+02
3.251548396465435697e-01 6.359361572265625000e+02
3.282964323001333895e-01 6.287065429687500000e+02
3.314380249537232093e-01 6.164421386718750000e+02
3.345796176073129735e-01 6.113483276367187500e+02
3.377212102609027933e-01 6.008049316406250000e+02
3.408628029144925575e-01 5.945382690429687500e+02
3.440043955680823773e-01 5.856613159179687500e+02
3.471459882216721970e-01 5.808429565429687500e+02
3.502875808752619613e-01 5.768148193359375000e+02
3.534291735288517255e-01 5.675906372070312500e+02
3.565707661824415453e-01 5.638229980468750000e+02
3.597123588360313651e-01 5.566727905273437500e+02
3.628539514896211293e-01 5.480167236328125000e+02
3.659955441432108936e-01 5.421014404296875000e+02
3.691371367968007133e-01 5.363823852539062500e+02
3.722787294503905331e-01 5.339835815429687500e+02
3.754203221039802973e-01 5.242752685546875000e+02
3.785619147575700616e-01 5.216640625000000000e+02
3.817035074111598814e-01 5.167785644531250000e+02
3.848451000647497011e-01 5.080883178710937500e+02
3.879866927183394654e-01 5.062802429199218750e+02
3.911282853719292296e-01 4.986714477539062500e+02
3.942698780255190494e-01 4.923053283691406250e+02
3.974114706791088691e-01 4.867069396972656250e+02
4.005530633326986334e-01 4.829636840820312500e+02
4.036946559862884532e-01 4.792456665039062500e+02
4.068362486398782174e-01 4.735101623535156250e+02
4.099778412934680372e-01 4.714313354492187500e+02
4.131194339470578569e-01 4.663236694335937500e+02
4.162610266006476212e-01 4.619303588867187500e+02
4.194026192542373854e-01 4.547421875000000000e+02
4.225442119078272052e-01 4.523663635253906250e+02
4.256858045614170249e-01 4.475527954101562500e+02
4.288273972150067892e-01 4.442370300292968750e+02
4.319689898685965534e-01 4.396362915039062500e+02
4.351105825221863732e-01 4.341195068359375000e+02
4.382521751757761930e-01 4.323005065917968750e+02
4.413937678293659572e-01 4.269859008789062500e+02
4.445353604829557215e-01 4.240092163085937500e+02
4.476769531365455412e-01 4.201666259765625000e+02
4.508185457901353610e-01 4.168786010742187500e+02
4.539601384437251252e-01 4.140954895019531250e+02
4.571017310973148895e-01 4.082861022949218750e+02
4.602433237509047093e-01 4.054039611816406250e+02
4.633849164044945290e-01 4.029053344726562500e+02
4.665265090580842933e-01 3.985243225097656250e+02
4.696681017116741130e-01 3.953480224609375000e+02
4.728096943652638773e-01 3.937971191406250000e+02
4.759512870188536970e-01 3.903457946777343750e+02
4.790928796724435168e-01 3.860810241699218750e+02
4.822344723260332811e-01 3.842003784179687500e+02
4.853760649796230453e-01 3.804849548339843750e+02
4.885176576332128651e-01 3.763778686523437500e+02
4.916592502868026848e-01 3.755656433105468750e+02
4.948008429403924491e-01 3.720836486816406250e+02
4.979424355939822133e-01 3.692458190917968750e+02
5.010840282475720331e-01 3.668775024414062500e+02
5.042256209011618528e-01 3.632669677734375000e+02
5.073672135547515616e-01 3.625536499023437500e+02
5.105088062083413813e-01 3.593505554199218750e+02
5.136503988619312011e-01 3.546649780273437500e+02
5.167919915155210209e-01 3.524995422363281250e+02
5.199335841691108406e-01 3.513592529296875000e+02
5.230751768227005494e-01 3.485946655273437500e+02
5.262167694762903691e-01 3.471219177246093750e+02
5.293583621298801889e-01 3.437658996582031250e+02
5.324999547834698976e-01 3.406126403808593750e+02
5.356415474370597174e-01 3.396237792968750000e+02
5.387831400906495372e-01 3.360914306640625000e+02
5.419247327442393569e-01 3.339593811035156250e+02
5.450663253978291767e-01 3.314067382812500000e+02
5.482079180514189964e-01 3.300232543945312500e+02
5.513495107050087052e-01 3.272265625000000000e+02
5.544911033585985249e-01 3.253579406738281250e+02
5.576326960121883447e-01 3.251684875488281250e+02
5.607742886657780534e-01 3.209484558105468750e+02
5.639158813193678732e-01 3.194906311035156250e+02
5.670574739729576930e-01 3.172212219238281250e+02
5.701990666265475127e-01 3.155466918945312500e+02
5.733406592801373325e-01 3.128936157226562500e+02
5.764822519337270412e-01 3.113554382324218750e+02
5.796238445873168610e-01 3.087531127929687500e+02
5.827654372409066807e-01 3.082019958496093750e+02
5.859070298944963895e-01 3.071976928710937500e+02
5.890486225480862092e-01 3.039248352050781250e+02
5.921902152016760290e-01 3.036172485351562500e+02
5.953318078552658488e-01 3.015509948730468750e+02
5.984734005088556685e-01 2.991140747070312500e+02
6.016149931624453773e-01 2.967200927734375000e+02
6.047565858160351970e-01 2.959336853027343750e+02
6.078981784696250168e-01 2.929752197265625000e+02
6.110397711232148366e-01 2.920700683593750000e+02
6.141813637768045453e-01 2.901458435058593750e+02
6.173229564303943651e-01 2.895017700195312500e+02
6.204645490839841848e-01 2.871857299804687500e+02
6.236061417375740046e-01 2.864078063964843750e+02
6.267477343911638243e-01 2.849475402832031250e+02
6.298893270447535331e-01 2.827047729492187500e+02
6.330309196983433528e-01 2.806700439453125000e+02
6.361725123519331726e-01 2.791054077148437500e+02
6.393141050055228813e-01 2.786856384277343750e+02
6.424556976591127011e-01 2.771190795898437500e+02
6.455972903127025209e-01 2.748024291992187500e+02
6.487388829662923406e-01 2.742309265136718750e+02
6.518804756198821604e-01 2.726894531250000000e+02
6.550220682734718691e-01 2.707916259765625000e+02
6.581636609270616889e-01 2.701508178710937500e+02
6.613052535806515086e-01 2.685728454589843750e+02
6.644468462342412174e-01 2.673020019531250000e+02
6.675884388878310371e-01 2.653506164550781250e+02
6.707300315414208569e-01 2.635982666015625000e+02
6.738716241950106767e-01 2.629261779785156250e+02
6.770132168486004964e-01 2.617351684570312500e+02
6.801548095021903162e-01 2.600013427734375000e+02
6.832964021557800249e-01 2.590378723144531250e+02
6.864379948093698447e-01 2.573898925781250000e+02
6.895795874629596645e-01 2.560942687988281250e+02
6.927211801165493732e-01 2.549449157714843750e+02
6.958627727701391930e-01 2.546668701171875000e+02
6.990043654237290127e-01 2.527117156982421875e+02
7.021459580773188325e-01 2.523342742919921875e+02
7.052875507309086522e-01 2.510556335449218750e+02
7.084291433844983610e-01 2.486558227539062500e+02
7.115707360380881807e-01 2.479335632324218750e+02
7.147123286916780005e-01 2.470411224365234375e+02
7.178539213452677092e-01 2.460210418701171875e+02
7.209955139988575290e-01 2.446276702880859375e+02
7.241371066524473488e-01 2.436178131103515625e+02
7.272786993060371685e-01 2.421696166992187500e+02
7.304202919596269883e-01 2.416679687500000000e+02
7.335618846132166970e-01 2.398471069335937500e+02
7.367034772668065168e-01 2.398294830322265625e+02
7.398450699203963365e-01 2.381219024658203125e+02
7.429866625739861563e-01 2.369109649658203125e+02
7.461282552275758650e-01 2.363145141601562500e+02
7.492698478811656848e-01 2.356714019775390625e+02
7.524114405347555046e-01 2.334611968994140625e+02
7.555530331883453243e-01 2.322957763671875000e+02
7.586946258419351441e-01 2.323106842041015625e+02
7.618362184955248528e-01 2.307173156738281250e+02
7.649778111491146726e-01 2.297933502197265625e+02
7.681194038027044924e-01 2.291769409179687500e+02
7.712609964562942011e-01 2.283824462890625000e+02
7.744025891098840209e-01 2.268414154052734375e+02
7.775441817634738406e-01 2.264237365722656250e+02
7.806857744170636604e-01 2.252908020019531250e+02
7.838273670706534801e-01 2.249168853759765625e+02
7.869689597242431889e-01 2.230557708740234375e+02
7.901105523778330086e-01 2.218466949462890625e+02
7.932521450314228284e-01 2.215729217529296875e+02
7.963937376850125371e-01 2.208093566894531250e+02
7.995353303386023569e-01 2.200579223632812500e+02
8.026769229921921767e-01 2.193121032714843750e+02
8.058185156457819964e-01 2.181428222656250000e+02
8.089601082993718162e-01 2.168361358642578125e+02
8.121017009529616359e-01 2.163186798095703125e+02
8.152432936065513447e-01 2.154292602539062500e+02
8.183848862601411644e-01 2.150536041259765625e+02
8.215264789137309842e-01 2.137723541259765625e+02
8.246680715673206929e-01 2.131798858642578125e+02
8.278096642209105127e-01 2.115774536132812500e+02
8.309512568745003325e-01 2.115947570800781250e+02
8.340928495280901522e-01 2.109767608642578125e+02
8.372344421816799720e-01 2.103686981201171875e+02
8.403760348352696807e-01 2.089600982666015625e+02
8.435176274888595005e-01 2.080436553955078125e+02
8.466592201424493203e-01 2.076293945312500000e+02
8.498008127960390290e-01 2.072414550781250000e+02
8.529424054496288488e-01 2.061912689208984375e+02
8.560839981032186685e-01 2.051747283935546875e+02
8.592255907568084883e-01 2.050148773193359375e+02
8.623671834103983080e-01 2.033000488281250000e+02
8.655087760639880168e-01 2.028295745849609375e+02
8.686503687175778365e-01 2.023265533447265625e+02
8.717919613711676563e-01 2.014630737304687500e+02
8.749335540247574761e-01 2.011558685302734375e+02
8.780751466783471848e-01 1.998329162597656250e+02
8.812167393319370046e-01 1.992257995605468750e+02
8.843583319855268243e-01 1.992101593017578125e+02
8.874999246391166441e-01 1.982200164794921875e+02
8.906415172927064638e-01 1.970515747070312500e+02
8.937831099462961726e-01 1.975520935058593750e+02
8.969247025998859923e-01 1.959502410888671875e+02
9.000662952534758121e-01 1.953881988525390625e+02
9.032078879070655208e-01 1.950417175292968750e+02
