# As, ns, H0, w0, wa, omega_b, omega_cdm, m_ncdm, z
1.509646870232576065e-09 9.888848317105704000e-01 5.374309195936028516e+01 -9.139622126250588341e-01 -1.161491833689069386e+00 1.965886539052387819e-02 9.493880456768359621e-02 3.354448290960875823e-01
1.417702777549493723e-09 9.818447648626159596e-01 7.598034213265570713e+01 -1.183127493913998407e+00 -1.150686398974650304e+00 1.949285653015911390e-02 1.078042451254897505e-01 4.180286578307343959e-01
3.013463022249596532e-09 9.672564076198525429e-01 5.249059210817257792e+01 -1.179918971851900533e+00 -1.343276054209269876e+00 1.831209404838768026e-02 8.633446438840443327e-02 1.106222159759779888e-01
2.181102001101022955e-09 1.004141837475564847e+00 5.873970045495797621e+01 -1.413539468561378021e+00 -2.332943662901456605e-01 2.078295222890502031e-02 1.468441400569371891e-01 3.623951445530109727e-01
2.786669017404298586e-09 9.880008029004890835e-01 5.441749287548004332e+01 -1.387948516993248171e+00 -1.268013123775968864e+00 1.991006789824115164e-02 1.379551399682652779e-01 4.641015885109424088e-01
1.985097594189704045e-09 9.561794096916113039e-01 8.119505092437665894e+01 -1.197165887968192566e+00 -1.003047943658705421e+00 2.252225273441001499e-02 1.382142921273274150e-01 1.632458658243023664e-01
1.243796313842845884e-09 9.641419830784078160e-01 7.996111125308011935e+01 -1.425821462144334362e+00 -9.388991363452505734e-01 2.174239773409636714e-02 1.081673455001477546e-01 3.717986215787925652e-01
2.769493394011537825e-09 1.007406902674650828e+00 6.683063337437879170e+01 -1.371693881276551119e+00 -1.776017005627921197e+00 2.578782078658882482e-02 9.373718009614373514e-02 3.002836045861160819e-01
2.811471876613061534e-09 9.303445145575695019e-01 7.982007480960056967e+01 -1.215760790961421201e+00 -1.293270504353298378e+00 2.182102256586425371e-02 1.151640306275367870e-01 9.164158142677798768e-02
1.700720178903065937e-09 9.738362765495528484e-01 6.986396055117086235e+01 -8.342013733946215259e-01 -2.969784315373473760e-01 1.746165180101008629e-02 1.393664984779312555e-01 2.467003156518565443e-01
1.197363937077470046e-09 9.928413717384549919e-01 7.203913275274126704e+01 -1.168352393346646423e+00 -1.086682882791250915e+00 2.586304676137970299e-02 1.575844004456458669e-01 4.857031797282170271e-01
1.466947951483935088e-09 9.689215218861780832e-01 6.364804855544029749e+01 -1.408149605040986518e+00 -1.028653651029314720e+00 2.073842094873989614e-02 1.262489218216675813e-01 2.227471442077022523e-01
1.925602796093626438e-09 9.968809221863691450e-01 5.853698329836736036e+01 -6.813824581357850185e-01 -2.847628970955426997e-01 2.146629964579039110e-02 1.164122848341075100e-01 4.626780464228194001e-01
2.147700101914062817e-09 9.572691099160719475e-01 7.913940287317947764e+01 -1.084508761845313751e+00 -1.502400754264985094e+00 1.904789204098573593e-02 9.336399632896204281e-02 3.521426378009528402e-01
2.476269560052632546e-09 9.363180455666036961e-01 6.698149395391087069e+01 -7.304425769124860413e-01 -1.245887988581515504e+00 2.079215908822763456e-02 1.080056826685011628e-01 2.743167958319425725e-01
2.204354298441774811e-09 1.002798128402541566e+00 7.631815372394186170e+01 -1.108385215136207469e+00 -1.642281868696266134e+00 2.348440635730569825e-02 1.144130030867641368e-01 3.376119270269573591e-01
2.576283392719982155e-09 9.632813223525045210e-01 5.738415602462546161e+01 -1.011067196838215665e+00 -9.709852768968916248e-01 2.569701780932123758e-02 1.274059597333606075e-01 1.371576842160751875e-01
1.666421046017539814e-09 1.002158929463736303e+00 8.048755595967740817e+01 -1.361691701573708446e+00 -1.440012977269051975e+00 2.052604966388500013e-02 1.580044231196426341e-01 3.488598108537060427e-01
2.161662738226856428e-09 9.489740749700349420e-01 5.473345814362644290e+01 -1.346878841718308628e+00 -1.927725008338394108e+00 1.854991711475364319e-02 1.126602451223671364e-01 2.548805464638492779e-01
2.631125931584988127e-09 1.007788574000040960e+00 6.237851261210625609e+01 -9.990399421644390321e-01 -1.992009582448475813e+00 2.349360109250523895e-02 1.110646543238875128e-01 4.075028776067743941e-01
2.825408301779105792e-09 9.342077450910124536e-01 6.876707732593401090e+01 -1.363460049736383795e+00 -5.066102622537460576e-01 2.232545021907140007e-02 1.486003233440110760e-01 3.172997446320317549e-01
1.523234782057588732e-09 9.626842271358134751e-01 7.210030725694046794e+01 -1.472931845176562726e+00 -2.255101188369563747e-01 2.448208137989247440e-02 1.095966956560473632e-01 1.618955360323320880e-01
1.591868343969756653e-09 9.544337441116156340e-01 6.584037962090364715e+01 -8.244219124644699415e-01 -1.302208308525887759e+00 1.828975148309616716e-02 1.222076158466299800e-01 6.894393694506105452e-02
2.113665290359451035e-09 9.664318842917358765e-01 5.602699607785703506e+01 -4.910716248215407642e-01 -9.930870095872188497e-01 1.821891958451949539e-02 9.335979001956488943e-02 3.090202456172820855e-01
1.421536593210429760e-09 9.331987465382555191e-01 6.116309809937055775e+01 -9.074507762033355851e-01 -9.179149498277727748e-01 1.808315963191929610e-02 1.195262005478399392e-01 1.321021172998917415e-01
2.673507708602569074e-09 9.641018333243304150e-01 6.339911520017277979e+01 -6.729248722045940712e-01 -3.294102626051225169e-01 1.922202479990450796e-02 1.392120581653543132e-01 4.144143292642631926e-01
2.744530147346020658e-09 9.961620868005043317e-01 5.228565641013529586e+01 -1.145495741497950526e+00 -1.465150310797805222e+00 1.894920632891532522e-02 1.001250888183458365e-01 1.973399449171842346e-01
1.673518707355876298e-09 9.428847158089778135e-01 7.313179124236296502e+01 -7.208449518386046417e-01 -1.139128704649788215e+00 2.054266626689610353e-02 8.732448636278558607e-02 1.578624227718916292e-02
1.388508050360878009e-09 9.999871076302013773e-01 5.333230605927830936e+01 -7.639450138112517941e-01 -1.566469181468501670e-01 2.074164956050827263e-02 1.060562917522255566e-01 3.174426672371936653e-01
2.928390200054435224e-09 1.003332976833914536e+00 7.123290486578477498e+01 -5.196732633397544987e-01 -1.645072370940356521e+00 1.879022475765912414e-02 1.328401903009435170e-01 5.566325106681516838e-02
2.400492560771145412e-09 9.561810781599955344e-01 8.000507586422980921e+01 -8.653387134909630296e-01 -1.481181030998706571e+00 2.199562616884034871e-02 1.179831822679443393e-01 3.503665392778597676e-01
1.620395258230257302e-09 9.479635529811454298e-01 5.917571646094530280e+01 -1.148104237727078480e+00 -9.992322587525570565e-01 2.121837890657968934e-02 1.166313634487918388e-01 1.121282476352969681e-01
3.060076728098765228e-09 9.633857200292870182e-01 6.906306183996606762e+01 -9.287349487600028430e-01 -6.822277082141252613e-01 2.395969956659104241e-02 1.079732216096421921e-01 2.706032501576854377e-01
1.894030207109632652e-09 1.007937197484863878e+00 7.096837155543198605e+01 -5.225123417035439921e-01 -1.672862401877407423e+00 1.806994332398081590e-02 1.480446674172428145e-01 2.567381863658411700e-01
2.060635774437527862e-09 9.627946473048463183e-01 7.697030437626139587e+01 -4.653912402291762174e-01 -5.030032977646583525e-01 1.993288803308125232e-02 1.255092996570328634e-01 3.034433057934299294e-01
1.167115855879351969e-09 9.481456729092770930e-01 6.356873068061790377e+01 -5.590501465329265063e-01 -3.783662306381920803e-01 1.954460272220841233e-02 1.457758707454205604e-01 3.493637824099986577e-01
1.706594460197049738e-09 9.493645046894456652e-01 6.227328101244505376e+01 -6.375355660565550364e-01 -5.164199911109024210e-01 1.830604829048339960e-02 1.513483464102000076e-01 4.331235646787041649e-01
1.244551228462789581e-09 1.005566606749199510e+00 7.340302428703977000e+01 -1.067518452272808949e+00 -1.437553466615622222e+00 2.681499695939049480e-02 1.439543246956826450e-01 1.684113453971427254e-01
2.468549105244822884e-09 9.450494390668428002e-01 7.323515875562891608e+01 -8.064522185878280069e-01 -5.308978639077643891e-01 2.016074718790706807e-02 1.017663931759505980e-01 3.781182218430767517e-01
1.971797704808497935e-09 9.452490600205720739e-01 5.374548916408466681e+01 -1.522430790496609010e+00 -7.569707826825569086e-01 1.876925479244808889e-02 1.372081679325544146e-01 3.792869843596806123e-01
2.803024165399988509e-09 9.624145424434389362e-01 7.491575289710766583e+01 -9.467062513406611091e-01 -1.328255766542030702e+00 1.857917216888996595e-02 1.425485924237315793e-01 1.666112159845208884e-01
1.132524215530411776e-09 9.983877602144313190e-01 7.126805859469521920e+01 -1.232362747019393634e+00 -3.033968722216284775e-01 2.470823336488666214e-02 9.651009436219194770e-02 1.458525860583063660e-01
1.562252821311024203e-09 9.702325236459864444e-01 6.513352680460667443e+01 -1.473801028140900415e+00 -1.437038212031628071e+00 1.890911712939272182e-02 1.246377907724287304e-01 4.066200928609103871e-01
3.060950629112988149e-09 9.526989955967166690e-01 7.953052017348485947e+01 -8.379372223384788931e-01 -7.238768731904936526e-01 2.483794914321530919e-02 1.135061952063030344e-01 7.482511741955368001e-02
2.446954590016696731e-09 1.002908600916396109e+00 5.274075321215082823e+01 -6.696747046806865722e-01 -1.043236210220564564e+00 2.101563309079163347e-02 1.390743316544139907e-01 2.293149202784067198e-01
2.158364989745302071e-09 9.911062281265552443e-01 5.311114493814287840e+01 -1.100738325969818909e+00 -1.818320401126392927e+00 1.913925564767373147e-02 1.255506316656733456e-01 2.416172266154976989e-01
1.151106933550025037e-09 9.376753632261889404e-01 6.192804819522390147e+01 -6.036442457038539988e-01 -9.678443485037415694e-01 2.380412292107750988e-02 8.008308775897605980e-02 1.440809487075824791e-01
1.170841812617935504e-09 9.598725852219776034e-01 7.640220301427137883e+01 -8.924454271202595379e-01 -7.219693080608131641e-01 1.794580789262139806e-02 1.106815335216689844e-01 4.237116716827804552e-01
2.622059633815745440e-09 9.976533325556280474e-01 6.988509736513644555e+01 -1.157631832913851522e+00 -5.146328627295742031e-01 1.742274390353712801e-02 1.468129964437877299e-01 1.334804145900136962e-01
1.761829795761488329e-09 9.857460213307079888e-01 5.251817269307323244e+01 -1.216221409429513844e+00 -5.928019208153483266e-01 2.518012392722433074e-02 1.234544050966072531e-01 1.785236812450559374e-01
2.263342651136321355e-09 9.643878661328635360e-01 6.707323085577255029e+01 -1.318158970977382438e+00 -1.197274398465242307e-01 1.832158910011981098e-02 1.217870983975603144e-01 7.870779363265273387e-02
2.388813821788482154e-09 9.829062917194545390e-01 5.822613013331167764e+01 -4.556492011818329413e-01 -1.865982235232949149e+00 2.062276200472902207e-02 8.409050758286042149e-02 4.095199215543003368e-01
1.867545872963786723e-09 1.006246143451974051e+00 7.418069243968677995e+01 -6.639125395937615082e-01 -2.052662007271002231e-01 1.833753851620956166e-02 9.554344235421897980e-02 9.912628359418620971e-02
1.604752002006689793e-09 9.686253097477119933e-01 7.510540795031521100e+01 -1.414150303954582411e+00 -1.613185672834010376e+00 2.270101495404132363e-02 1.504204911552861068e-01 4.194877695602402534e-01
2.274926137407679127e-09 9.936624061516354800e-01 5.395142402963632122e+01 -7.265380497821355421e-01 -1.479720294335242992e+00 1.777266326731044913e-02 8.866601935824705571e-02 2.837254369650832331e-01
1.169738486501053543e-09 9.822358053114036425e-01 6.760118546146782137e+01 -9.862740306601990303e-01 -6.109758042008734957e-01 2.159392545707660566e-02 1.400459009895704821e-01 3.619919004916228866e-01
1.135350564047837099e-09 1.003900467920461281e+00 6.043881507575828493e+01 -6.560719791803740764e-01 -9.241212045749165327e-01 2.452132941963481097e-02 1.137482015559818371e-01 4.749148706267439790e-01
2.956043793803053223e-09 9.655930666267652507e-01 6.499010099730091383e+01 -8.951207263804380476e-01 -8.642038435974042088e-02 1.928008882802229734e-02 1.121924801115713605e-01 1.094099451758304697e-01
1.791274177277525231e-09 9.421129448627924008e-01 6.872910751775896188e+01 -8.345525389860418697e-01 -1.902245742524907302e+00 2.134036809832692838e-02 1.035270101160045281e-01 5.181090458432730667e-02
1.317054665774411985e-09 9.334767202117371099e-01 8.003605031090876309e+01 -6.557517425698007330e-01 -6.719368760756025960e-01 2.242773413598700416e-02 1.087360102663308126e-01 2.581876341338825154e-01
3.030731957240496092e-09 9.592259314491718980e-01 5.743122611740124484e+01 -1.360510499813546215e+00 -2.591162551790506807e-01 1.929987068307439935e-02 8.637606676141265649e-02 1.931734718960103903e-01
2.390434486779768432e-09 9.324153530569914139e-01 6.391209708071936291e+01 -1.380418811848103555e+00 -1.209716801847344314e+00 2.565846748170826780e-02 1.367651933661695463e-01 4.249249513689687396e-01
1.210288565191156769e-09 9.772064928239179160e-01 7.758649556552279591e+01 -1.220453955679085434e+00 -7.267119775736328169e-01 1.790307364085145028e-02 1.047939099692272169e-01 2.598628825064150383e-01
2.520971322182461782e-09 9.462277266333539716e-01 8.001506043655639644e+01 -6.506386006919090415e-01 -6.600466949438774655e-01 2.663582790302180051e-02 8.723951950744537887e-02 3.363011007692759402e-02
2.187327019163717604e-09 9.507200358396329376e-01 5.559682281755222277e+01 -1.522548654459705553e+00 -5.435076342613198719e-01 2.137256765026237376e-02 1.505817982124780796e-01 1.211112735951274944e-01
2.344606450918363563e-09 1.009422890687997176e+00 7.256720352182183831e+01 -9.877092912830933713e-01 -1.854800658867424401e+00 2.191932844280247705e-02 1.017288558911973312e-01 4.230835008015040866e-01
2.548743279212649541e-09 9.973391090629886158e-01 5.660367480202556578e+01 -5.792284322733423085e-01 -3.722072226289527830e-01 1.859814606430629930e-02 1.425380908914453126e-01 8.439244030490483661e-02
2.142923413616632131e-09 9.371838945175897662e-01 5.234952911635135564e+01 -5.158057951017387399e-01 -7.799858364364453678e-02 2.306823043028776929e-02 1.517530844803339496e-01 4.186590655549020101e-01
2.790470677454062060e-09 9.848498461981153307e-01 5.381420615871194002e+01 -1.254709317072440822e+00 -1.120733046104263497e+00 2.557420153222525472e-02 8.481109799825835294e-02 4.971178925633448209e-01
2.192082269307020883e-09 9.850624319752747660e-01 6.612064866721931367e+01 -1.505512137262548178e+00 -1.514889073671588093e+00 2.204365018625981110e-02 1.113294227370548312e-01 4.373990570009024803e-01
1.105918022642197592e-09 9.779157256034660683e-01 8.052438043343920526e+01 -1.399750128021006068e+00 -1.141258434805483057e+00 2.582192534943114626e-02 1.021346224911524464e-01 4.383798725233807314e-01
1.439725235183324236e-09 9.856512598895330601e-01 6.013669072266294791e+01 -1.143614483231831347e+00 -1.088241368594753400e+00 2.071272649356087001e-02 1.085921058686232926e-01 4.018603733378349196e-01
1.837132565419910581e-09 9.950221766947346946e-01 7.230233097693620437e+01 -8.930343179124909936e-01 -7.468004308167079941e-01 2.322150176343636824e-02 1.425495032343795931e-01 3.690430642298779818e-01
2.539675657344483638e-09 9.620467645238111043e-01 7.562115940040108342e+01 -1.436521336055316400e+00 -5.110629118885809952e-01 2.549023935476393832e-02 1.462618375448951069e-01 4.193252185357477235e-01
3.009878424876125843e-09 1.008820846060909604e+00 6.597604455820690816e+01 -6.099113319202333905e-01 -1.352614927486765373e+00 1.733404162576555885e-02 9.906475323451729986e-02 2.201381956366440518e-01
1.923444676881306466e-09 9.993966121778441458e-01 7.758639475483063563e+01 -8.112745020582051714e-01 -3.724691257571262071e-01 2.022919821703894616e-02 1.028638276793648609e-01 4.450848543724705841e-01
1.602076898475198583e-09 9.736232205583265076e-01 5.572192830563878374e+01 -6.719687963061730107e-01 -4.944816683772887966e-01 2.428269759359012389e-02 1.054893309167960480e-01 1.129657948963541936e-01
2.304575883158155486e-09 9.339527150583863957e-01 5.618549533161379372e+01 -6.066624152254254110e-01 -1.695173230820419263e+00 2.153850636474471253e-02 1.094283473918725852e-01 2.522944451033251045e-01
2.962404813440805150e-09 9.584554135880344328e-01 5.811782672687774465e+01 -4.775175037284586921e-01 -1.541537943697568469e-01 1.888414285192242109e-02 1.038071651305301768e-01 4.385817309894782801e-01
2.549389483340563716e-09 9.335082154896656714e-01 5.712752741610032103e+01 -8.952614293575814619e-01 -1.380634515793286887e+00 1.905968535990269774e-02 1.024224972461376809e-01 4.901646440658273263e-01
2.823017345258468401e-09 9.729501378267340073e-01 6.186279016114131224e+01 -5.245678121519199433e-01 -4.018783804576451235e-01 2.471871892986615693e-02 8.896374073395768578e-02 4.510961045029720506e-01
2.214580856563744624e-09 1.007302974948927288e+00 5.299100792018840167e+01 -7.997104295271035834e-01 -1.120537199473584877e+00 2.718364041067288656e-02 9.434452430049580784e-02 2.069460238787707851e-01
1.417531033569208038e-09 9.837158629526385756e-01 7.320954540567569779e+01 -4.918076623928167024e-01 -7.245033487512368975e-01 2.496477570706831170e-02 9.527667052631857980e-02 4.306496572981081683e-01
2.203864957554463315e-09 9.888686270328275185e-01 6.722761865534410219e+01 -7.777094393900139124e-01 -1.660971893008807765e+00 1.995095284967635108e-02 1.507342595530248852e-01 4.879951670855888768e-01
2.686804198588787649e-09 9.790504061592071317e-01 7.800151255218591473e+01 -4.940976698035663972e-01 -1.876679340438492494e+00 2.245740740703108806e-02 1.288270730782393181e-01 2.755339131184753043e-02
2.923065952542782434e-09 9.703160502429615253e-01 5.280671026301225623e+01 -7.846680636371758943e-01 -7.002568042728614106e-01 2.253888046766821390e-02 8.379411014468794716e-02 4.870786316090224277e-01
2.551999777938932399e-09 9.448782406664515410e-01 6.709686976055998286e+01 -1.287309930322032558e+00 -1.916357923577443279e+00 1.859694978016427497e-02 1.016217045378149386e-01 2.271648756322804663e-01
2.770781142256223145e-09 1.008343953292685669e+00 6.173006143800838430e+01 -8.835195263161964574e-01 -6.300275749639472345e-02 2.209637443056789580e-02 1.102198989860115330e-01 3.438903091217186958e-01
2.997044895573249205e-09 9.474407764908162610e-01 7.774831738087945610e+01 -1.321537899342436040e+00 -6.759313119722951679e-01 1.835975933725180614e-02 1.415740173062170482e-01 3.778273662861119098e-01
3.032643234802303855e-09 9.492909465397544322e-01 5.472390257072733988e+01 -7.588032065886211042e-01 -7.126257466598953094e-01 2.561127588603684391e-02 1.253539019438544844e-01 4.137591034610075824e-01
2.578229214042823008e-09 9.813801486800182161e-01 5.635352355184409134e+01 -1.400985021054491630e+00 -1.143136075019458353e+00 2.397627529827538531e-02 1.237529511547568462e-01 2.747037051587658540e-01
1.550782132024865628e-09 1.001836002097166611e+00 5.971076882357018434e+01 -8.196840335767436869e-01 -2.596673491872647510e-01 1.736190407866374658e-02 1.334099040548269721e-01 2.166733973839850835e-01
1.769605676319647884e-09 9.856967157094674858e-01 6.329174083623778557e+01 -9.618325829326905829e-01 -1.913218269269259197e+00 1.993786374752269663e-02 8.917666112717879956e-02 1.702345723700967040e-01
2.312715673005085744e-09 9.503230449665664992e-01 5.755347197871395792e+01 -6.979231891662994736e-01 -6.356490547376658640e-02 2.529756253058754872e-02 1.505850809308793559e-01 4.320392773476275372e-01
1.355127884683861539e-09 9.654887150226708625e-01 6.050879153602559057e+01 -8.043848347493781636e-01 -1.249609299398835249e+00 2.269934791948551370e-02 1.526900770633370930e-01 2.319133917763080421e-01
2.786737545877016133e-09 9.389729925186217629e-01 5.838374652753788752e+01 -1.296473257176687710e+00 -9.884000028076598277e-01 2.000595144533761152e-02 8.414715897652222387e-02 1.346248967129509526e-02
1.887904998541101974e-09 9.317640381335574595e-01 7.167041115582375710e+01 -9.903824290576008771e-01 -1.349369858347017725e+00 1.822711355452907162e-02 1.364871634595167804e-01 4.836702242469670399e-01
2.015511771956944749e-09 9.429781508597806505e-01 5.391087353087653611e+01 -9.125671441277520834e-01 -7.214594226577442093e-02 2.443120987213739242e-02 1.112306191226292706e-01 3.096045954282145019e-01
2.896493861647903037e-09 9.717201004236178941e-01 5.568901916650543882e+01 -1.353155396792129928e+00 -5.036584792748510786e-01 2.342260273597415038e-02 8.545995375524366444e-02 4.917630183923443060e-02
1.862650227961856299e-09 9.874285017790410679e-01 5.929511572519571416e+01 -8.301440262003834114e-01 -2.043149231569043600e-01 2.466688019157167733e-02 9.271424146303648695e-02 1.176311958515193073e-01
2.331716531650601626e-09 9.668470213507964761e-01 7.553838117903401894e+01 -4.739078405262573401e-01 -5.011338746282711920e-01 2.411200116073024952e-02 9.121208528199840904e-02 2.438692769805632377e-02
2.259274573107079065e-09 1.009395812781166413e+00 6.892784949732259747e+01 -9.461177726261643661e-01 -1.992884022956468604e+00 2.482833778521132545e-02 1.250835056473385276e-01 4.791159406935470433e-02
1.789461284414203075e-09 9.768111970777839659e-01 5.447872129490477278e+01 -1.389545475687360421e+00 -2.887989586546502174e-01 2.450256152764222067e-02 1.381982571113140046e-01 3.867949586499757619e-01
1.365035765174414679e-09 9.428490317732595161e-01 7.071804870447344626e+01 -1.093131734662777355e+00 -1.190272641457594816e+00 2.157151883894644837e-02 1.518157371422152457e-01 2.939010570757581015e-02
2.320651738235034533e-09 1.002746064498829304e+00 6.782033128657815269e+01 -4.431384794956765294e-01 -2.926336290192890210e-01 1.784174059323367575e-02 1.440272534574997265e-01 4.407200266437552583e-01
2.965401855847825602e-09 9.552991157034774750e-01 6.486795749082949669e+01 -9.776716711249804348e-01 -1.335208439271829750e+00 2.702847172669692322e-02 8.624372979534741801e-02 4.691515163380240439e-01
1.547203059130346740e-09 9.472943606166809305e-01 7.277253456379253294e+01 -1.520063805437554372e+00 -1.396761418065518567e+00 2.302222795237125058e-02 1.508401588538453297e-01 3.454866005195238454e-01
2.371499973327556113e-09 1.005244087991661761e+00 5.928798997967801654e+01 -1.149688205122449292e+00 -1.778532467765995051e+00 1.855204827867104958e-02 1.504923948522139954e-01 1.676298528615127181e-01
2.696444784095373322e-09 9.790917230354111433e-01 5.679301930699214296e+01 -1.381685615839326253e+00 -1.107665823425716622e+00 2.170535445314735606e-02 1.210794243604516596e-01 2.520264744044704019e-01
1.748481891127288653e-09 9.515575042182852217e-01 5.950693439886019576e+01 -1.422355664712960266e+00 -1.622810001222524834e+00 2.712065747310093283e-02 1.241454380185582629e-01 4.382180605885457880e-01
1.408674178705287874e-09 9.918864094729696879e-01 6.077912927326656245e+01 -1.498809230296195283e+00 -1.577536428166677052e-01 1.927390406864909131e-02 1.492332118010594733e-01 4.480332600145587457e-02
1.782671442291945229e-09 9.859694345248616321e-01 7.684891791260976390e+01 -6.329363947070383301e-01 -1.313836690107581529e-01 1.779930760128736397e-02 1.240312761222353843e-01 4.135525645450171539e-01
1.869388735393783615e-09 9.610430556506055488e-01 5.791481208940994918e+01 -1.440105398441225315e+00 -5.037757168646916917e-01 2.540710965908175856e-02 1.374922743707294170e-01 1.152381169194822280e-01
2.351239646048889222e-09 9.931102244171590154e-01 6.243832148888584754e+01 -1.524662935678310793e+00 -1.668564555498524005e+00 1.764613054397887529e-02 9.460510988898697404e-02 2.244998868960288441e-01
1.402382284018520440e-09 9.886059925223382727e-01 7.924155039753583196e+01 -1.407701911687438301e+00 -1.276683266821833751e+00 2.150639942473113464e-02 1.047547744791937491e-01 3.081094179651361897e-01
2.319744027069018734e-09 9.902354813906121267e-01 5.737679666605012585e+01 -9.415122802666417989e-01 -1.474843424793563784e-01 1.950080170005013061e-02 1.124035263478885827e-01 3.437729460119459124e-01
2.839407740300892824e-09 9.762613429873692183e-01 8.144953321644412370e+01 -7.282273529457954364e-01 -1.217092564459787640e+00 2.231227301182524270e-02 9.730690168305380916e-02 1.321667989920124187e-01
1.272286407551925777e-09 1.004880568326724344e+00 7.149557681308303358e+01 -9.462946159600350571e-01 -2.450003170763999094e-01 1.765360213308941537e-02 1.413281948556007750e-01 1.994805397469333885e-01
2.759714539719755071e-09 1.001130475652728613e+00 5.903061946288909922e+01 -1.071573717062682896e+00 -9.804379353070298286e-01 1.807891845440249765e-02 9.663064381986390117e-02 4.354763652022012321e-01
1.540269348503158258e-09 9.323802703944886749e-01 5.231614892851492726e+01 -5.303695413187041741e-01 -8.744334219043428114e-01 2.225508325155389072e-02 1.040986399324550227e-01 9.454351733496316190e-02
1.776224512691292015e-09 9.626590411158133520e-01 5.554257706262442440e+01 -9.066403078442407670e-01 -5.667977346335557609e-01 1.882687334018468689e-02 9.505918269915128449e-02 4.665706986974058612e-01
2.641652963192117927e-09 9.674177199954973050e-01 7.263254469994168971e+01 -8.615393297523930016e-01 -2.889497020312119524e-01 2.536117805209090956e-02 8.048520523458353726e-02 1.468416613565586559e-01
1.322801347384579433e-09 9.568819398602169679e-01 7.399051502198506114e+01 -4.523610677589202655e-01 -8.490943211626402753e-01 2.398532761850563980e-02 9.406625252157065076e-02 1.417007487904420326e-01
2.027176885713218806e-09 9.318487471060189486e-01 5.207689265865140271e+01 -1.201299441684638314e+00 -1.035481314505300343e+00 2.021125562074878312e-02 1.527098289169178669e-01 1.652323478479653107e-01
1.620918683770888044e-09 1.002614442006006357e+00 5.678888143778610953e+01 -1.382734703039096846e+00 -1.609668894882547718e-01 2.645305393118109472e-02 8.614655445559252223e-02 6.382224879141548679e-02
2.651837622310948618e-09 9.880145614116633279e-01 8.013961479481064032e+01 -1.488822873573528938e+00 -1.694115675655891051e+00 2.495826434292016185e-02 1.121840688360857125e-01 3.210396818642880512e-01
2.876636338412979069e-09 9.767253035795195881e-01 7.238828353386064407e+01 -1.206478909077951966e+00 -1.205440358402457113e+00 2.138376266882355964e-02 1.479766184941335161e-01 1.254223306401996696e-01
1.919396763663964109e-09 9.611462094590902394e-01 6.104549842746989441e+01 -9.636187433557361626e-01 -3.524050975823593834e-01 2.146852328032505114e-02 9.878939325411849326e-02 7.317902469382679687e-02
2.564369661136207888e-09 9.986662435362174683e-01 6.956764101984555282e+01 -8.046822250206728810e-01 -1.337382321953294317e+00 1.796587399623661083e-02 1.479539754421518583e-01 2.222445722735520712e-01
2.845302734972307617e-09 1.004027324969801072e+00 6.966684290091519927e+01 -7.663552225519015826e-01 -3.791626990264769237e-01 2.179975026896413190e-02 8.507007972610196311e-02 2.293749418669474571e-01
2.141690147761050301e-09 9.909943214843629500e-01 6.498636069481788979e+01 -7.500379236104450786e-01 -1.018696350498875081e+00 1.845514579050517440e-02 1.117597351286492846e-01 3.159999366543508326e-01
1.450501226773764833e-09 9.363905454541099349e-01 5.386763547489202608e+01 -1.139112171615972446e+00 -6.867070378755852911e-01 2.546439059989707293e-02 9.362884777393176705e-02 3.068780207684187328e-02
1.435084487004804764e-09 9.924523675465937167e-01 7.137234633169769893e+01 -1.487888935986289463e+00 -1.086548743240556281e-01 1.878113567114853347e-02 8.824313985998334664e-02 4.555777202690959593e-02
1.376651273496204455e-09 9.563426777306417437e-01 5.929445019409084239e+01 -1.525493193828737715e+00 -1.740323815936589469e+00 2.140653051320050640e-02 9.373510247827868125e-02 3.901165708925907194e-01
2.712476353434437566e-09 9.398904358000588211e-01 5.612337913797048827e+01 -1.041130155868165374e+00 -1.338633949526772504e+00 2.314260637446321350e-02 8.283308460724435329e-02 2.231005319327065139e-01
2.177929937670910741e-09 9.968178951541416533e-01 7.692149660012518098e+01 -1.293335159054427086e+00 -1.111139896378592340e+00 2.671601499126165929e-02 1.273002158479084600e-01 4.430433211246244118e-01
2.187798316283580280e-09 9.303726863126202673e-01 6.698899777246785447e+01 -8.229188298833277626e-01 -1.725465567470873207e+00 2.018009226575542825e-02 8.007254513643141669e-02 1.245536473371178510e-01
2.322904147970547100e-09 9.455707025885512484e-01 6.338796319093719944e+01 -8.060228465256413788e-01 -1.043280300240520431e+00 2.536486266863278646e-02 1.575108276996713963e-01 3.455388233017095967e-01
1.594933942410605896e-09 9.405406155432451953e-01 7.662154160211761678e+01 -1.219192172082079528e+00 -1.478271272076567389e+00 1.850169568208069257e-02 1.206141027473864313e-01 2.925891659132512923e-01
2.918136195518924853e-09 1.007978977274015975e+00 6.054116203794966822e+01 -7.924030676485461777e-01 -4.517584522556690185e-01 2.025773224666889416e-02 1.322501682152280589e-01 3.012688539519502440e-01
1.108689126485485845e-09 1.004549739274778419e+00 5.903164090959040777e+01 -5.155880027054864367e-01 -1.445527512897214262e+00 2.157023772555068802e-02 1.292389530935632302e-01 4.847576117043106425e-01
3.014026711847809208e-09 9.645774737329040338e-01 5.854964614599979456e+01 -9.118515388181847037e-01 -1.038773368499075200e-01 2.019040114507615613e-02 1.317769115917412637e-01 4.589756337288204424e-01
1.417015995973420539e-09 9.626154032200797683e-01 5.331711607402855435e+01 -4.808807171814786230e-01 -7.204778921153787152e-03 2.228047970637721253e-02 1.187654675919184305e-01 2.768443526090955120e-01
2.914291845267492966e-09 9.723991525714363870e-01 6.994484221777969424e+01 -1.480724827853307168e+00 -1.499294992461906117e+00 1.861703057256402713e-02 1.284365440826177873e-01 3.659671518126122458e-01
1.226366346783651962e-09 1.001521657834977264e+00 8.070996353213155317e+01 -1.045147036371638416e+00 -1.122780147674791174e+00 2.615515667031700214e-02 1.298399148409307702e-01 2.502901078756667591e-02
2.258443874626412049e-09 9.560996019375801458e-01 7.654447456551744722e+01 -1.278589292795349497e+00 -1.982176577238289772e+00 1.808114444322826003e-02 9.501255954718809682e-02 1.463024656512698085e-01
1.120114276576298836e-09 9.391389294210938932e-01 7.362790752631818236e+01 -1.302789165472848953e+00 -7.533986190813557471e-01 2.505083755703132672e-02 1.209353743531330627e-01 1.742786062779904666e-01
2.580646452496199356e-09 9.801441047812322616e-01 6.309042657459637837e+01 -1.366784678022179955e+00 -9.003863043907889274e-01 2.311457795729791875e-02 1.117917685217065804e-01 3.658532848799211923e-01
1.878464901024477308e-09 9.801906112672351679e-01 7.740704353329613241e+01 -5.144028750903011371e-01 -1.975578118388571447e+00 1.859197079395530014e-02 1.392785475351085989e-01 3.503895239249834453e-02
2.915030240897077217e-09 9.309850365389925608e-01 5.365988888528113421e+01 -5.025240507155221970e-01 -1.485979726098301867e+00 1.994106744301984285e-02 9.860508057153784256e-02 2.924681514537591509e-01
1.852713822044433508e-09 1.009525402466991517e+00 5.715683496247520168e+01 -9.540688811887172438e-01 -8.544069925626085471e-02 2.513626416283728376e-02 1.091714178187045692e-01 1.344826350794365855e-01
1.557840941152633293e-09 9.586299503075168538e-01 7.510715813275791675e+01 -6.049796713785426938e-01 -1.839398174310707512e+00 1.983771673112407971e-02 1.239281492781192373e-01 2.450609219006520123e-01
2.013646621984018557e-09 9.603180012123633258e-01 7.001550115869716251e+01 -1.019930319888612491e+00 -1.065417624606832536e+00 2.445205420849927425e-02 8.275827925435987054e-02 2.032900244404310386e-01
3.035935958258889405e-09 9.621852358995177656e-01 6.503340000405540877e+01 -9.445508015972965410e-01 -4.452787117989560617e-01 2.619085138412760236e-02 1.311050337967809565e-01 1.211675297243486188e-01
2.628088382921003035e-09 9.853689133140997036e-01 8.121317849254957366e+01 -5.717342100188883558e-01 -6.913811001460419270e-01 2.708186880042202926e-02 1.441378739434228395e-01 4.055515888167940952e-01
2.671930132376663045e-09 9.961719098736633304e-01 7.033584342758075536e+01 -1.255854890937328383e+00 -1.624796631824330539e+00 2.077306557318762265e-02 1.169895388023566296e-01 4.296336481249857786e-01
1.223980740309677535e-09 9.649121880760491710e-01 7.063249732907368639e+01 -6.061345612106122660e-01 -1.110066824660150164e+00 1.889667393082825747e-02 1.065405046048373411e-01 3.009058238961668380e-02
2.498576991850352470e-09 9.952090638488793051e-01 6.480256215335725756e+01 -7.506845672976810713e-01 -1.947636600371127624e-01 2.323290954351673807e-02 1.288025490114781402e-01 8.972558051191419082e-02
2.134318055641986297e-09 9.792206446917740559e-01 6.100320858164799631e+01 -1.444362984845021236e+00 -1.531653728322923014e+00 2.389983062954108631e-02 1.323272183995597429e-01 4.651752512433506292e-01
2.072231296837789836e-09 9.887013392942961554e-01 5.246860080842171214e+01 -1.460561431375807739e+00 -7.489965745110411799e-01 2.058103729712869659e-02 1.302542742258515629e-01 8.994435720596773154e-02
2.216403479597521739e-09 9.528118406171496302e-01 7.516758871043219870e+01 -1.011951673418014730e+00 -1.923080950726256289e+00 2.272773128267022852e-02 1.438537004966140287e-01 4.562519407026254248e-01
2.584741898428662992e-09 9.383092259098320120e-01 6.258474059587125282e+01 -4.782919817532300666e-01 -6.904670453062973223e-01 2.362504491531897122e-02 9.888105761813727190e-02 3.277010802463724559e-01
2.365111186958705084e-09 9.977817035054302730e-01 6.003526304220041965e+01 -7.776650165121727909e-01 -1.514829155320517540e+00 2.288639342934672971e-02 1.416434873391947957e-01 2.958960053307538862e-01
2.615992437773171364e-09 9.910689943465142981e-01 6.689362393634692694e+01 -1.335219747697403703e+00 -8.953221723653959074e-02 1.791343803156340495e-02 1.338784406593962750e-01 9.756737331001094637e-02
2.106002163198833649e-09 9.349365791316354146e-01 8.182705790858075545e+01 -8.922677497784722300e-01 -8.567483287007451320e-01 2.215656662342888050e-02 8.522743372052705990e-02 2.732288755086056398e-01
2.048209732911234599e-09 9.529636912179036967e-01 6.342711779929527438e+01 -1.167338888805439900e+00 -7.539534194456265492e-01 2.376221895366267128e-02 1.030085087294540513e-01 1.975847313839510233e-01
2.786727000473865124e-09 9.656317036131689679e-01 7.082303571375227591e+01 -7.002292796155943355e-01 -1.674152642140991576e+00 2.539725112527332906e-02 1.498226860019046813e-01 2.891698977726787079e-01
1.535168290119436419e-09 9.499738017140749724e-01 7.435873322147216413e+01 -5.570180614463726698e-01 -4.114427546264620705e-01 2.117364105607506472e-02 1.178465156236592204e-01 3.006271848318683437e-01
1.268954132228127861e-09 9.737797605160126713e-01 7.090250040561504363e+01 -6.308436640885487501e-01 -1.970956812209163633e+00 2.000097180389044660e-02 1.302312467349808212e-01 2.079503077451662629e-01
2.038056436779536639e-09 9.367557149246465986e-01 6.391419570066520350e+01 -1.490234075924546042e+00 -1.134337612654057859e+00 2.535685429065646229e-02 1.470441914221036206e-01 1.072595399932949195e-01
3.085771671490803609e-09 9.305851578198831575e-01 5.301921187907505839e+01 -5.262733049550130104e-01 -1.385379938903981589e+00 2.028043208298295139e-02 1.389199896192873929e-01 4.102890588919035908e-01
1.972799825453169241e-09 1.007560915114910305e+00 5.921829956183510291e+01 -1.197738418209383759e+00 -1.072586302773342659e+00 2.616800769488435499e-02 1.433953781687404561e-01 5.236919998644566643e-02
1.792632465408878233e-09 1.003483395429176417e+00 5.844379883876712256e+01 -8.836304800509930946e-01 -4.700957867892028297e-01 2.323628301342534758e-02 1.064418381798999114e-01 4.350611604288077139e-01
2.683314284263711929e-09 9.911854331166385368e-01 5.339209401884596673e+01 -8.329315118001000551e-01 -1.595347297827585109e-01 2.469315781480372132e-02 1.271267775257704236e-01 3.977123406726202348e-01
2.584450322666660187e-09 1.003587873185732171e+00 7.492387300673040329e+01 -1.193840375606864734e+00 -2.029888513726283428e-01 2.463718020298440170e-02 9.985365411341859398e-02 3.330339754768491534e-01
2.063464384830308673e-09 9.528894128006955011e-01 6.657585525208995136e+01 -1.237226459052633842e+00 -9.930055394261869672e-01 2.690634932463727147e-02 1.172429735580197696e-01 1.091222787613302381e-01
2.648674269975471108e-09 1.000587393537474945e+00 6.298243541882308705e+01 -7.356875748856184227e-01 -4.759779413027287465e-01 2.343760056301628925e-02 8.134298266481984618e-02 4.378629021211951078e-01
1.703375308769542327e-09 9.382186780697133743e-01 6.975938916435272574e+01 -1.479524941181852959e+00 -1.540077864598685897e+00 2.488367209153481349e-02 9.725488358500848640e-02 4.740260324134774605e-01
2.860724997717402920e-09 9.934656313670201522e-01 7.292697555245855767e+01 -8.713608690784697686e-01 -1.254809866245320871e+00 1.795921567797858012e-02 1.295704987103573624e-01 3.622489704416037570e-01
2.752860329761790560e-09 9.489417740971552995e-01 7.899674702066918996e+01 -1.194868813840545663e+00 -8.154657007047882988e-01 1.997669826033721119e-02 1.314992792180293413e-01 1.698073000135667254e-01
1.102765651600126680e-09 9.795112176411187033e-01 8.125949688664923087e+01 -7.331593257882383918e-01 -1.052569953116382795e+00 1.963179496047739309e-02 9.169344877666574245e-02 5.461084841320903299e-02
2.189335311245502189e-09 9.460010109585086369e-01 6.372729797793549977e+01 -8.664308616987510536e-01 -2.772101393603321196e-01 1.995540456430676748e-02 8.111225755134145177e-02 2.543074775146460520e-01
1.744303657749663449e-09 9.469991278891152220e-01 6.831262266675574324e+01 -6.031185710739810357e-01 -1.057128373070374217e+00 2.063467948128342236e-02 1.278304483272477698e-01 2.813189212250002957e-01
1.411403379682083542e-09 9.534282397867753778e-01 6.168140265544824530e+01 -1.557962854158466470e+00 -9.065619071636739079e-01 2.681760744085474185e-02 1.048655489399136082e-01 4.195719973866451902e-01
2.770719142591407571e-09 9.839345990978423107e-01 7.431457901669551802e+01 -1.091613482284195191e+00 -8.298510730908348343e-01 1.779706220149995799e-02 1.366760625491286185e-01 4.110217126467738402e-01
1.284590087778323770e-09 9.414978374434309627e-01 6.102499719859297045e+01 -1.083313963340252650e+00 -1.597766292133633304e+00 2.229904897920672105e-02 1.516030020444145976e-01 5.342216228215231066e-02
1.571806546727897363e-09 9.881767945077042370e-01 5.506016472484661506e+01 -5.027025491896097709e-01 -9.615085287722269225e-01 2.542440709500769919e-02 1.284306345812858408e-01 3.537326715239621500e-01
1.843088597878244154e-09 9.952855516466814212e-01 6.409563730815111171e+01 -9.920322806281230976e-01 -4.546917563353958247e-01 1.884141639594314951e-02 1.311055442842836427e-01 1.150219561531138357e-01
2.337316193743596667e-09 9.392364769527378199e-01 6.454844900172852817e+01 -1.375406855708819043e+00 -4.761270214261010825e-01 2.069388601989940665e-02 1.467101518367295576e-01 8.483266902033854973e-02
1.592692777031401381e-09 9.329966760893202427e-01 5.526049085548891782e+01 -9.152669272256134247e-01 -1.328751558564661206e+00 2.689516791772485899e-02 1.536140123547131142e-01 2.860651997463609097e-02
1.470481962875552486e-09 9.449289372755977912e-01 6.516460762930108785e+01 -7.002979826999838897e-01 -9.137751152581916614e-01 2.467802402355732255e-02 8.013795308645667304e-02 4.023903733326523180e-01
2.171301526430322467e-09 1.002845471794337362e+00 6.453858395817240989e+01 -1.216034344871938178e+00 -1.304095762970112649e+00 2.394345649495377079e-02 1.553966110326390759e-01 4.457325426700831650e-01
2.635950147939321276e-09 9.372294844555956184e-01 7.145904896846271015e+01 -5.349794078866585423e-01 -1.157753328605035659e+00 2.492316444975766626e-02 1.101935979753124184e-01 1.605308140389783422e-01
1.748163325870787832e-09 9.559130281633644310e-01 5.299996466033554299e+01 -5.879496756115271117e-01 -5.149061234696021838e-01 2.028290893044085511e-02 1.494972049104458245e-01 3.283495479429671682e-01
1.783083916167861747e-09 9.468886796779149018e-01 6.768613694735799413e+01 -4.833234113752220562e-01 -5.670555696561898618e-01 2.246465960788290861e-02 1.037247436571425707e-01 2.187504845768805106e-01
2.917420107493605848e-09 9.634047965244397771e-01 7.734935732170059453e+01 -1.434835924194605150e+00 -6.077878971176049472e-01 2.062156078570230242e-02 1.509341147888201562e-01 1.322338396678426620e-01
1.272768193805031172e-09 9.890776722323841863e-01 5.423661028472695733e+01 -8.614901849054741323e-01 -1.838656050140920151e+00 2.069718368305393033e-02 1.424534967957366560e-01 1.521946441623624469e-01
1.178674228838647569e-09 9.594179361502100933e-01 6.534859790049939932e+01 -1.099137071748919059e+00 -9.288231037956979907e-01 2.025255756185813383e-02 1.320295516198222996e-01 4.349291765079455474e-01
2.556916591728097144e-09 9.364520879603291936e-01 6.386786762589082400e+01 -6.222240132373650923e-01 -1.994795348064336116e+00 1.834572781880954365e-02 1.577689795210975854e-01 1.054311316228232452e-02
1.181686902653927440e-09 9.538410786193265434e-01 6.420284545004811605e+01 -5.585036057397962939e-01 -7.523097721094453849e-01 2.465417047437188855e-02 1.462645494563116211e-01 7.513129211261804219e-02
2.826179140244369988e-09 9.817661096308702984e-01 6.758543055237596775e+01 -1.208689018850226393e+00 -3.209313244147176114e-01 2.237677718148350578e-02 1.259813153593513924e-01 2.999529411784223609e-01
2.696896891419976770e-09 9.744297265067533020e-01 7.905331652186690405e+01 -8.959429493904368380e-01 -8.358523559371195955e-01 1.751756336485081611e-02 1.199945384869219589e-01 2.164917609884145222e-01
1.110385456722667574e-09 9.413137995704632388e-01 5.699092670155927465e+01 -1.083438832578811573e+00 -3.296849777523844782e-01 2.638528454596883455e-02 1.065735775188756951e-01 3.475313606698686164e-01
2.174270586809507014e-09 9.933848941031940827e-01 7.740936156772256993e+01 -1.390068595677020014e+00 -1.380956190624372582e+00 1.878226626952131037e-02 1.496804060868180408e-01 1.409706021365894901e-01
2.984150081265921990e-09 9.658825103015599156e-01 6.866004965919441361e+01 -5.048446727244757515e-01 -1.931635251155796151e+00 1.755386928190300413e-02 1.338932374498900124e-01 4.239725149640636293e-01
1.776886999662335700e-09 9.861537112886306078e-01 7.783343066398116150e+01 -1.485627183938442508e+00 -5.176516148420340357e-02 2.648745385015165849e-02 1.214630691361802683e-01 1.773494479504797716e-01
3.048343375167771338e-09 9.370745031219075427e-01 7.128346572755043553e+01 -1.360244820450504655e+00 -6.022358243289398505e-01 2.574426582970809618e-02 8.636073093479844365e-02 1.466535764721162149e-01
2.677371065861761226e-09 9.883024622271924242e-01 5.732731324020294039e+01 -1.115643403161410419e+00 -3.017267885280632278e-01 2.069973520622523516e-02 9.447128307689098281e-02 4.499728573132425469e-01
2.984571275049418413e-09 9.481501736864149654e-01 6.826054772458763864e+01 -6.072992161184426196e-01 -1.213997445646864293e+00 2.226942986211566736e-02 1.540733700758717684e-01 2.248828497107225044e-01
2.128649691186846756e-09 9.851713393001695351e-01 6.177209578109597032e+01 -9.422757491492685933e-01 -5.007786875605171328e-01 2.083275447131018379e-02 1.137825836051002126e-01 4.147300287748480474e-01
3.096895574126363025e-09 9.401084147406980618e-01 6.297583716372567153e+01 -8.339729196667740041e-01 -7.977416337779927868e-01 2.208128927948202480e-02 1.527299950893479252e-01 2.763453324069101158e-01
2.573782611074508880e-09 9.824214396570722929e-01 5.596536582219499678e+01 -7.601306917885278791e-01 -1.461750501319680318e+00 1.974776858057009782e-02 1.595096128283005066e-01 4.550285946215589239e-01
2.335348369028003826e-09 9.758103395488414433e-01 8.032389847872410371e+01 -1.090746231880751038e+00 -3.104493909780958738e-02 2.573602129372446617e-02 9.990782721028099167e-02 2.704703176500595219e-01
2.635046929920310338e-09 9.885667752088758142e-01 6.001330870720037325e+01 -1.199032828101321169e+00 -1.069445662254826956e+00 2.042118639232824023e-02 9.930724492218313826e-02 4.077682413514707171e-01
2.499689069032728360e-09 9.910353900123590742e-01 6.166519391048497312e+01 -8.574941249776210084e-01 -1.769995618396678294e+00 2.644915593500390960e-02 1.029027447237683551e-01 4.028220991384268146e-01
2.192582965771284881e-09 9.701153512633606812e-01 6.030063019065397611e+01 -9.963038510503181566e-01 -1.043434867358318918e+00 1.929599490243406879e-02 1.294756861670270653e-01 4.648955991719153635e-01
2.827201729941528641e-09 1.008519639162264392e+00 6.253626692121228103e+01 -5.002692474831402780e-01 -5.743051470738596009e-01 1.938954941056457437e-02 9.400863011112874090e-02 3.929337519040426163e-01
2.613943854886454655e-09 9.365570291801745828e-01 7.808244871001988940e+01 -7.938365353307649253e-01 -6.348251366275683427e-01 1.759522245772182289e-02 1.396037823459736482e-01 2.555656287699127893e-01
2.142892039062553957e-09 9.503415185121506514e-01 7.369518567024759648e+01 -8.999847011001557151e-01 -5.630698599178616259e-01 1.934473346561241258e-02 1.008220145412267593e-01 3.430395987408252356e-01
1.893346140510158320e-09 9.761018621742925117e-01 7.591584701209129094e+01 -1.158469352542266240e+00 -1.442016642071946020e+00 1.903218671613418969e-02 1.030955877620766820e-01 3.600696767126109754e-01
1.470638038052774400e-09 9.983408142124549078e-01 6.749860870952586822e+01 -4.846725195272645337e-01 -1.254913333211759463e+00 2.711247719362110814e-02 1.375068736674261161e-01 4.023734834522148945e-02
2.802288474167612056e-09 9.701402807783998661e-01 5.984760415224671704e+01 -1.459204104366579768e+00 -1.854296224710395569e+00 2.691504102506465587e-02 1.078939831056634074e-01 3.866099530703166476e-01
1.493918683364602491e-09 9.578511262265626547e-01 6.221317516523173197e+01 -4.528352737167338216e-01 -1.188866808750711934e+00 2.324066217539112050e-02 9.757248051672032241e-02 3.625853077843145256e-01
1.680431047367460561e-09 1.007817195887098949e+00 7.624186051709121159e+01 -1.555964257797153527e+00 -2.675398860256665845e-01 1.988948908190457318e-02 1.184539290906409248e-01 4.152225880023172055e-01
2.257925708993519300e-09 1.000224606533711924e+00 7.131680235902027221e+01 -1.178943928149675857e+00 -1.216326761004994816e+00 2.417612824403451641e-02 1.325767720568360730e-01 6.792999134206262335e-02
1.240898599043531775e-09 9.335012355565215358e-01 7.464790078722417377e+01 -7.600808925291433482e-01 -1.342506467338643317e+00 2.614277421818662905e-02 9.284409722211406368e-02 4.240182077356769996e-01
1.732398429054825558e-09 9.978458827707604728e-01 5.337232363711783734e+01 -9.627370711391390889e-01 -4.524120084807323749e-01 2.146547258705953573e-02 8.832420494935148969e-02 4.530427047819798325e-01
2.810586306052290673e-09 9.683417616441697406e-01 6.347290838961235693e+01 -1.446427101130119963e+00 -1.591570247118341275e-01 2.529411675421965044e-02 1.087671682252954464e-01 3.927655581588720968e-01
1.522616130364561024e-09 9.871464059968479976e-01 6.230445022881845318e+01 -7.940207297817029053e-01 -1.069960218092808057e+00 2.322647720550147926e-02 9.079943364534648342e-02 1.408340679178957944e-01
2.661812768263798008e-09 9.837539971926145821e-01 5.885495901320795298e+01 -9.952352188834719948e-01 -1.374585238773393225e+00 1.909948915379519954e-02 1.227222576799385512e-01 3.614341970017588834e-01
1.802249923417129134e-09 9.757413316632136402e-01 5.257345803639772441e+01 -1.249043547556718314e+00 -1.258136202207629228e+00 2.609842212458272220e-02 9.673687724430010682e-02 8.900432091282932390e-02
1.302952360966412171e-09 9.307984204908053005e-01 5.342070121870133192e+01 -1.027552320210075143e+00 -1.186604827996244449e+00 2.523517186315700489e-02 1.155261025689792997e-01 1.541020477822791779e-01
2.890499509610326779e-09 9.569078751848409947e-01 5.693664711838658832e+01 -4.779856053289095463e-01 -1.983137583199260146e+00 2.036144826065716326e-02 1.050074996343688810e-01 3.029855677594094909e-01
3.007864214605160898e-09 9.594043079596921153e-01 6.718176483689470047e+01 -1.193743170568302148e+00 -1.814294352692465306e+00 1.801256293348931642e-02 1.080079906004429713e-01 3.132806694120879309e-01
1.478025857702064627e-09 9.488155100466798553e-01 7.774598964379801203e+01 -7.578703987527213304e-01 -4.103573544181136068e-01 2.402514713150532763e-02 1.188267320873451771e-01 2.123474862396070584e-01
2.190748204135525407e-09 9.423672421238388219e-01 5.575365678281882253e+01 -1.284214043047787523e+00 -1.934205042490380722e+00 1.774232605869252230e-02 8.149274020684114939e-02 2.024473783411770145e-01
2.821036195501817512e-09 9.319033718977823844e-01 8.165786352739398524e+01 -1.313100845696793417e+00 -1.049389393575556495e+00 1.754152462014837641e-02 1.060408528774388071e-01 5.322589865593489039e-02
1.621339665948247350e-09 1.004214602404066348e+00 7.956522105524243216e+01 -4.708585087136507585e-01 -5.913175575604876499e-01 2.236886165576410651e-02 1.296499751933728461e-01 4.085268298927114544e-02
2.702640676734988891e-09 9.738654218684894559e-01 6.189676911493347689e+01 -8.347054551398783717e-01 -6.941107725881141555e-01 2.536372660577351432e-02 1.109083557907853262e-01 2.333137394121355401e-02
2.370837171853322628e-09 9.799968835987771243e-01 6.905964478591916134e+01 -8.990633731974491116e-01 -8.244767477193244432e-01 2.303613549614774367e-02 9.053787082061934277e-02 2.966214193621929951e-01
1.997394361529199958e-09 9.916766705660156056e-01 7.158712332433188408e+01 -1.348356145656018246e+00 -8.634231552286177891e-01 2.478172429074656721e-02 8.884179310571416188e-02 2.264292064941291760e-01
2.485660526559131683e-09 9.766692776308530943e-01 5.657800932140182937e+01 -1.487276576791105365e+00 -6.037528873545279229e-01 1.956556446138866395e-02 1.290310648833107865e-01 6.402975122410579922e-02
2.836039811654761003e-09 9.712706224391929322e-01 7.040455357602134256e+01 -6.513764665209245130e-01 -1.145501927874479353e+00 1.992522592197818951e-02 8.853257412485739108e-02 3.080705257680834697e-01
2.352189822653881553e-09 9.614896026116489525e-01 5.445084185053797654e+01 -1.009528436292524756e+00 -1.961973847199977694e+00 2.238431023060641692e-02 1.527331231862660565e-01 4.639744574206813160e-02
2.260700510408655199e-09 9.963396384042846332e-01 7.967543012520602019e+01 -9.129284577068370599e-01 -1.700802365918289816e+00 2.282763454589649410e-02 1.553749535015049033e-01 1.677855362712566412e-01
1.794928915977614108e-09 9.381349566489539660e-01 6.642130889882564304e+01 -8.286741919021098912e-01 -1.239732121086146721e+00 1.933400209072966280e-02 1.020646315631241197e-01 6.391270431352702452e-02
1.759948493592687352e-09 9.693179480787417202e-01 7.390103047424568672e+01 -6.151034846685962121e-01 -1.366567253861171061e+00 2.472434689894206783e-02 8.626852686274111282e-02 6.168099730397422903e-02
2.948926274795660459e-09 9.708838783473826561e-01 7.586772210263076488e+01 -7.004168080110914074e-01 -1.192855038212967678e+00 2.499343821363485263e-02 1.382817746511433854e-01 4.541917921266456215e-01
2.366623539018782531e-09 9.447972235609306546e-01 5.946106597148722983e+01 -8.371675107712251984e-01 -1.172127815520710215e+00 2.194912444079163971e-02 1.549565281524529214e-01 1.031066750587228825e-01
1.116616491707454531e-09 9.385482709782574373e-01 6.795581787701623000e+01 -7.832295425591558891e-01 -1.191515541703465964e+00 1.993881802197840225e-02 9.785550207596001304e-02 3.035703910591566190e-01
1.578177887235132189e-09 9.765069177891735341e-01 7.715600338439836037e+01 -1.049034747231198716e+00 -1.917032651656790598e+00 2.213008592815191022e-02 1.047084021650672297e-01 4.127731318165889229e-02
1.745786450700184537e-09 1.005263423380445831e+00 7.331340862959739013e+01 -1.152429782245859791e+00 -1.668288915275936590e+00 1.753436019371260035e-02 1.586838798771149084e-01 4.621217517038019862e-01
2.280051876726892121e-09 9.358233009680014813e-01 7.330454672155480011e+01 -1.107119735427256169e+00 -1.839308474522519665e+00 2.075034981596901931e-02 1.101092728675577698e-01 4.355657789351564113e-01
1.652408134830353269e-09 9.343093100978997478e-01 6.515551939241834134e+01 -1.126978119444531412e+00 -1.370693917919586058e+00 2.378125045954017011e-02 1.258829131584424665e-01 3.377931073446424626e-01
1.905112398716033906e-09 9.773784514395131851e-01 8.175785400469622743e+01 -1.257964740502538037e+00 -1.058273469316346915e+00 2.097435508950544134e-02 8.020345643140767977e-02 2.097903941836906927e-01
1.315237595102956935e-09 9.658876264765429154e-01 6.437187778493132839e+01 -1.494501923130677090e+00 -1.408833107403913543e+00 2.495224529397358296e-02 1.242524047193125508e-01 4.796192397202898028e-01
1.205073344423302258e-09 9.846451275792954538e-01 7.357615687493806433e+01 -6.612567515902032511e-01 -5.609322760334756186e-01 2.504300765138026477e-02 1.101373064649688732e-01 4.027706947170336949e-01
2.654104129795631132e-09 9.791509292836562128e-01 6.411652507737460382e+01 -6.990710627513131437e-01 -1.306601992716011740e+00 2.333574464049454830e-02 1.201058434433732169e-01 3.864615372865723431e-01
1.465537229907304231e-09 1.007427564238275064e+00 5.251279659372884367e+01 -4.918593067619558834e-01 -9.208155824565575909e-01 2.677711406971429800e-02 9.001239383322123810e-02 2.646646342074958358e-02
2.092194095615711612e-09 9.688722128624172036e-01 6.405194809264435207e+01 -7.894427016522129748e-01 -5.302974757240814796e-01 2.009805431457473840e-02 8.027226210765489589e-02 4.185625578676446246e-01
1.796765951525044918e-09 9.687826607583647220e-01 5.281504260456199518e+01 -1.087755100103689365e+00 -1.774026909254873718e+00 2.359120495319380964e-02 1.116450246981549321e-01 2.630786263831626920e-02
1.765573368909613053e-09 9.681572564656203417e-01 7.717295185381286160e+01 -1.091770171246838617e+00 -1.169176375328031758e+00 1.741218899586623528e-02 1.138674241763311390e-01 1.324553165716686742e-01
1.130389368810643679e-09 9.956941484638516249e-01 6.175463801692601606e+01 -1.069430274159244743e+00 -1.163080072149735855e+00 1.730408019532466909e-02 1.167424859095658601e-01 2.674204203910078570e-02
2.254860433797582739e-09 9.700216316860134080e-01 5.282734681967603052e+01 -4.563917354247954972e-01 -1.934371604407313150e+00 2.228199734092715933e-02 8.862926200954797384e-02 2.462305429518166777e-01
2.232669526833989035e-09 9.791573560151227706e-01 6.705268767066222324e+01 -9.466646497808846039e-01 -6.142136828897761802e-01 2.020849054523409308e-02 1.597184388221172813e-01 3.491681256808508438e-02
2.050296756249276364e-09 1.009074850646845212e+00 6.348083992542760967e+01 -5.934492790957150987e-01 -4.358006059571533086e-01 2.109287910004463071e-02 8.560387699595166378e-02 3.742956955930598628e-02
1.757480279232470091e-09 9.392586979333645836e-01 7.379655027915723053e+01 -5.307937109792197905e-01 -1.382065775575944233e+00 2.193642647407017393e-02 8.089489308705972992e-02 2.283366070256735436e-01
1.728511968377197109e-09 9.976364159424887523e-01 8.174048735258169529e+01 -1.083837722410766480e+00 -1.965973913394002404e+00 2.026678853610986222e-02 1.301428713827027794e-01 2.165945158526817738e-01
2.149877312587225570e-09 9.339119798646244863e-01 6.848980452018751919e+01 -1.072181860647968721e+00 -2.223817350315633323e-01 1.838395777790483021e-02 8.395043284869929678e-02 1.871354284153250447e-01
1.700515584061369327e-09 9.808150976009722966e-01 5.460713254216759083e+01 -1.504623435114891050e+00 -1.353353077521950887e+00 2.566469246146027561e-02 8.129984607446429090e-02 4.796490528067334225e-01
2.566119134708463294e-09 9.864972236929427929e-01 6.157502295197217990e+01 -8.853006647055831069e-01 -1.036732521205860458e+00 2.496298927184966224e-02 9.797901458075551628e-02 2.768737560009349452e-01
1.343467385084029089e-09 9.816915750852841516e-01 6.106925026019834490e+01 -1.299205859160878385e+00 -8.280032387324665066e-02 2.448423744595054630e-02 1.121016023773872133e-01 2.569847623925865937e-02
2.025225735623769631e-09 9.694822960689304381e-01 6.188648835311796859e+01 -1.099568441108252026e+00 -1.094603482249541848e+00 2.666769507494366753e-02 1.262670518075164616e-01 3.371925095618841239e-02
1.578007636748970756e-09 1.005802255467229234e+00 5.417048579514784024e+01 -1.286969469749956740e+00 -5.762512182721015730e-01 2.629265788976944268e-02 1.132147274811295123e-01 3.131153557947206623e-01
1.376686183816632720e-09 9.948346757668554696e-01 7.646319750102384205e+01 -1.331693533184753697e+00 -8.126399181472951927e-01 1.773411702738845672e-02 9.512646027299895279e-02 1.004837851434726148e-01
2.310183043362549859e-09 1.002331939348469314e+00 6.011449387481363260e+01 -8.201110891742060538e-01 -6.989450179562113341e-01 2.416943990450721308e-02 8.544056439433543593e-02 3.187603514448591469e-01
2.862350779655867952e-09 9.569714089709039362e-01 5.287495256464561777e+01 -5.416569964945241455e-01 -5.977998990012882707e-01 2.409810258432018223e-02 1.414307757434838941e-01 1.026163170640323197e-01
1.548748399649009440e-09 9.419750334809890990e-01 5.337943050498357422e+01 -1.195891992807078141e+00 -5.138534063027591081e-01 2.007832922570235504e-02 1.198853004905585662e-01 2.984365885981652422e-01
2.548733203640902399e-09 9.530513086658464195e-01 7.825666687150561529e+01 -1.274488469312795580e+00 -5.982982781875780809e-01 2.008178467335919315e-02 8.095129023836207527e-02 4.792569312138264537e-01
1.469862455589757035e-09 9.487920842524181220e-01 7.436238663553407946e+01 -1.129835990699295190e+00 -1.909554322521782366e+00 2.606660913658701353e-02 1.102528689817277446e-01 1.377697937905414949e-01
1.309477424647203660e-09 9.564033373171897390e-01 5.383875100692082327e+01 -1.090332910590527060e+00 -7.901865301733996816e-01 2.416591564778511336e-02 9.153747700326186898e-02 2.799942284221822453e-01
2.460425356699373540e-09 9.906131901908024062e-01 8.053258426372812551e+01 -7.013437828301409827e-01 -1.306127708550330890e-01 2.375007824802443171e-02 1.072699367911580381e-01 1.855749267384680656e-02
2.476619520572827544e-09 9.773812343413386117e-01 7.727519681196487511e+01 -6.890601928337987125e-01 -3.380015530075111130e-01 1.780496475545103457e-02 1.239363135047482911e-01 5.800071634560764050e-02
2.488153861824468607e-09 9.815659762696385959e-01 6.599416315778464082e+01 -1.489994050461173281e+00 -4.147357731997960428e-01 2.590271945972083545e-02 1.249406810618860081e-01 2.500213928418980602e-01
2.128916653360428159e-09 9.697667539649313939e-01 6.923362274158452578e+01 -5.563153589263738485e-01 -1.863258582837835187e+00 1.746279395263809070e-02 9.339806926129465281e-02 9.117067809139807466e-02
2.973943419494375618e-09 9.335066184979194936e-01 5.502599780628817427e+01 -1.076810369199284745e+00 -1.907886769250341397e+00 1.827496495277693145e-02 1.493234246621782946e-01 3.923654689113804661e-01
1.489752266272567129e-09 9.531089063578468412e-01 7.107827848715122343e+01 -1.037455369440902109e+00 -1.552126647720299957e+00 1.839370264040558062e-02 1.397093992727587719e-01 3.322332272302731537e-01
2.621348888930777725e-09 9.647417591397493553e-01 7.531793040889839119e+01 -1.272001008259367572e+00 -1.212557817940894900e+00 1.756258532861789193e-02 1.300159612325688663e-01 4.976366555752281817e-01
2.768414005412418514e-09 1.005471630568817165e+00 7.020099198536749441e+01 -1.008367879243304177e+00 -1.038894457435219909e-01 2.448856621276931933e-02 1.421809376209700604e-01 4.780952343675546334e-01
1.751742486766811257e-09 1.006495286927479027e+00 7.160359793445306309e+01 -1.300688554923252971e+00 -2.630500870217287179e-01 1.999602963194598709e-02 9.713218490780901881e-02 3.530270216768102709e-01
1.555966900103400677e-09 9.387461607227580718e-01 6.080018086524070497e+01 -9.492919716108313422e-01 -1.883718879558047066e+00 2.182837222567820049e-02 9.230790975451159952e-02 2.409908459521381552e-01
1.147373256533663851e-09 9.586741522261935655e-01 5.442160383934826484e+01 -1.353172569713422257e+00 -1.236117431369364805e+00 1.825575274819974184e-02 1.438258288931587026e-01 2.864684626191293382e-01
2.487753610144682543e-09 9.730377348056838960e-01 6.189761209858291124e+01 -6.956952733959025359e-01 -1.348570184103247804e+00 2.195873550904449412e-02 9.610104898682436669e-02 7.394223190909618437e-02
1.293862841428303261e-09 9.401704220092114150e-01 6.545221627350304061e+01 -1.292369514359246185e+00 -3.065488621239713662e-01 2.400210190987011466e-02 1.289133414547295464e-01 2.242086859494387685e-01
1.659363287766904672e-09 9.359302713540414986e-01 6.476510855293108193e+01 -1.095794746538579556e+00 -8.524642994880451408e-01 2.478425096077135556e-02 1.065926717779216576e-01 1.965816778437781132e-01
1.322499154271193075e-09 9.801699817499393008e-01 5.784706669306428495e+01 -9.849382711310609162e-01 -8.871285700294118115e-02 2.453017389136907117e-02 1.422979093212834167e-01 2.782869513923704186e-01
2.820933989066105528e-09 9.731657679601516397e-01 7.898380097921355514e+01 -1.136546991861559164e+00 -6.380827234884749455e-01 2.639286239340915552e-02 1.018748904851556614e-01 1.833123143684876888e-01
3.013785000756514831e-09 9.423200951354923083e-01 6.652145108294483578e+01 -1.396627409830463407e+00 -9.467439181064472020e-01 2.358464124799100614e-02 1.353204625110188131e-01 1.071299101968249817e-01
2.622359920552615054e-09 9.479040626762000876e-01 5.434597817757070004e+01 -1.298737471827497103e+00 -6.080432126591688302e-01 2.270513664556245842e-02 1.556078229400922608e-01 1.105154437492510966e-01
1.265317204572284746e-09 9.345709809866866724e-01 7.449271488145720355e+01 -9.319500151763357998e-01 -2.644255241061843620e-02 2.166955539190880756e-02 1.505402647437432684e-01 1.487366030467949518e-01
2.452130117649640329e-09 9.371795538513882917e-01 6.296997012556423812e+01 -6.606738380144608902e-01 -1.057857338119858603e-01 2.428296119999738545e-02 1.044735747198532322e-01 4.492180230686174669e-01
1.369669552073400737e-09 1.000229285094663467e+00 7.980223679944816695e+01 -1.317324489634117635e+00 -1.589141687962129179e+00 2.601880368602367544e-02 1.126363973127253310e-01 1.151455666331967498e-01
1.630073123255418703e-09 9.520202679243500166e-01 7.344362414748967183e+01 -6.321489212313887718e-01 -9.981665604258815883e-01 2.198584754613932060e-02 1.401398623168634283e-01 4.030317397931062473e-01
1.928041851253818931e-09 9.803649092367912043e-01 5.382227803889924189e+01 -1.278301162655397949e+00 -3.006763767105329332e-01 2.651451368846317533e-02 1.254377934129165539e-01 3.792785903327124397e-01
2.869450123395708731e-09 9.471884383883973912e-01 6.408322892513012903e+01 -1.370414495703787372e+00 -1.266179102396706835e+00 2.511548560030620741e-02 9.712290413777392717e-02 4.067437230316202634e-01
1.153956309254418394e-09 9.914318672240479691e-01 6.601983406960118828e+01 -7.751053174247412025e-01 -9.930451536765130260e-01 2.608564918079249798e-02 1.367088133419241125e-01 1.327829659372682380e-01
3.074714164433536654e-09 9.829154606610817080e-01 7.748503552822724316e+01 -1.044122987707697181e+00 -1.466515090600588600e+00 1.875763158415331283e-02 9.434672027083441936e-02 2.831561490690023275e-01
2.238736548043167571e-09 9.977605042150935466e-01 5.602702669739233698e+01 -1.276284486377786909e+00 -7.010847394916930320e-02 2.412181184751046106e-02 8.450540631269022607e-02 1.375764681280711721e-01
2.391212967759939741e-09 1.006676816347735759e+00 7.965897867813926325e+01 -1.201345662868043895e+00 -9.856906486570575776e-01 2.565654433023883269e-02 9.753492227425428207e-02 3.747666894553359218e-01
2.564709108545200950e-09 9.322593983690238284e-01 6.243089498253753789e+01 -1.544674709466016704e+00 -8.862601245267789363e-01 2.275695908553757724e-02 9.359538769642858358e-02 2.728508633096490277e-01
2.322402393934834337e-09 9.946498480911752926e-01 5.902070871884682646e+01 -4.988091713405959915e-01 -3.921045426625222596e-01 2.561453100396521645e-02 1.057040235017716046e-01 2.210815676249130723e-01
2.477219926186466335e-09 9.962713741427587921e-01 6.311980702788456199e+01 -1.226573521187109161e+00 -1.499793292357412433e+00 1.878761737630391462e-02 1.488272298345650890e-01 9.202217217388745929e-02
2.296855596939342512e-09 9.820708031485499978e-01 6.644552348422293164e+01 -1.258942654032451092e+00 -1.310644791271056597e+00 1.852433839624728976e-02 1.314435512424383390e-01 2.363516928338870449e-01
1.344178898319789035e-09 9.800592617358216962e-01 5.940092179534286743e+01 -1.103189591579115447e+00 -1.568560444310002522e+00 2.135749483550279659e-02 1.070684553282160029e-01 3.168127500563101551e-01
2.537882179195354807e-09 9.847227019734966502e-01 8.171849912153666651e+01 -6.089721535458748614e-01 -1.161140163613282761e+00 2.132696363161401890e-02 1.410458402108102915e-01 4.653745792612076770e-01
1.207004937968497719e-09 9.596167925551093436e-01 5.295946078618135289e+01 -8.254394395428755749e-01 -3.100799897497672486e-01 2.491136273391435230e-02 1.334117360880348047e-01 4.510290844777453678e-02
2.778514918240997274e-09 9.332100548979389565e-01 6.368951231511007904e+01 -1.256716559022454938e+00 -1.331750452482526326e+00 2.261110140867162235e-02 1.407696331145401603e-01 2.209546847024792815e-01
2.331329892461207855e-09 9.492630845456886401e-01 7.035862513989007994e+01 -8.690408978285637520e-01 -1.023183211006293281e-01 1.872400323847268899e-02 8.433669302204500895e-02 3.524682158234569707e-02
2.646016521991404378e-09 9.729436037338208276e-01 5.633689526329500552e+01 -1.145897647407531750e+00 -1.159171137102439353e+00 2.175423033566736483e-02 8.086597267332175376e-02 8.338241192259811252e-02
1.379344104238491222e-09 9.634198128242047465e-01 7.652314023086236716e+01 -1.402684897393657870e+00 -1.679379449241223066e+00 2.248763750347023901e-02 9.385240405264480557e-02 2.381385186390697628e-01
1.512920151365828043e-09 9.947594487882751579e-01 6.680580000902835991e+01 -9.659411100743925394e-01 -6.093649877451292607e-01 2.240864205035249246e-02 1.325642208912103936e-01 5.836005805657520917e-02
2.077199674968348060e-09 9.934721599586409102e-01 5.298286347527993456e+01 -1.118266895733771804e+00 -1.137169010717224094e+00 2.444566760061496133e-02 1.555406113405931046e-01 5.393945122688678651e-02
2.518253723187689478e-09 9.950958575856321264e-01 7.613950869218128048e+01 -9.118561610396269668e-01 -3.499014134368143569e-01 1.731295724789455245e-02 1.154520373420617196e-01 1.503874379469876954e-01
2.087412533938391597e-09 9.949246200107834115e-01 7.424502851804821546e+01 -4.941467476592482644e-01 -9.992590092502795507e-02 1.905468184583422944e-02 1.512127695436236430e-01 3.884224325202675909e-01
1.264639509638603526e-09 9.637109910770631505e-01 6.720717277407641177e+01 -1.297218964717476108e+00 -1.900569211668393654e+00 2.467974446766391106e-02 1.433797751372986873e-01 3.448362785641448380e-01
2.294878845925183693e-09 9.740161280870013316e-01 6.667899922546045843e+01 -1.201483684869944835e+00 -1.662712718911267817e+00 1.996746815915512868e-02 9.860088581162303190e-02 3.144196309732795180e-01
2.914462812972221025e-09 9.454013945386511297e-01 6.624859551988235751e+01 -9.055632401337665449e-01 -1.610802970734036332e+00 2.232191826097719087e-02 1.282444528851794663e-01 9.675026553723158063e-02
2.912587330749476162e-09 9.831048018775532249e-01 8.047098422192354406e+01 -7.214498074803927796e-01 -7.648933636208510300e-01 2.242488784775064151e-02 1.353075375241974410e-01 2.254167594614693293e-01
1.624877695019170786e-09 9.368377318760935379e-01 6.137408572090940595e+01 -1.010475931848407338e+00 -1.250414918148433419e+00 2.049999474462623969e-02 8.337389400769280867e-02 1.177428744828816071e-01
1.653752123801681083e-09 9.825418032503168142e-01 6.314147099674358543e+01 -1.022578266059952723e+00 -7.378655957811701693e-01 1.846804506828026923e-02 1.181186553072451351e-01 1.862549402343727234e-01
2.174832837066363696e-09 9.543661115978014919e-01 6.171267226130159145e+01 -1.247812100632077037e+00 -1.845231785283933501e+00 2.282923677039968430e-02 8.799832491439009419e-02 2.392429872456464934e-01
1.572963622449383445e-09 9.711848256725520434e-01 8.003820653160308041e+01 -1.518279840995514718e+00 -1.894749967037158367e+00 2.123137390032595398e-02 1.447764990948831598e-01 4.655342304235352002e-01
1.745103433577977887e-09 1.003704787557188505e+00 5.279671197809037864e+01 -8.740579550851460544e-01 -1.692269713859319680e+00 2.474666431080231599e-02 9.474655153064873159e-02 3.424355661368713166e-01
1.888047597766402624e-09 9.671615123529175850e-01 7.601788625066501481e+01 -1.351979409194902004e+00 -1.368108986891400924e-01 2.492896228978915690e-02 1.109529646282454152e-01 1.349213870404725180e-01
2.018745555716931946e-09 9.602448593711642166e-01 6.923987660474504935e+01 -4.649911195824782961e-01 -1.961213495573001619e+00 2.322269200867107392e-02 9.109932832220637988e-02 2.513093548996265802e-01
1.917865474238396530e-09 9.652960599617069759e-01 6.404744929958536659e+01 -1.192710053451677910e+00 -1.052786580423936691e-01 1.821641527263332880e-02 9.613722318974861347e-02 1.859130985256756685e-01
1.601050290908005068e-09 9.323329016887683673e-01 6.853621729609425017e+01 -1.473813029145665698e+00 -1.293777635960892569e+00 2.124907510160393281e-02 9.260959078321742699e-02 2.364055065876968509e-01
2.372412586054942227e-09 1.002606252583566837e+00 6.891455548603222780e+01 -9.436254507182776363e-01 -1.754302723671627096e+00 2.682691565017514615e-02 1.271612567806450489e-01 2.612437299292004189e-01
2.661871768974936544e-09 9.548837930476037350e-01 7.666029579294870189e+01 -1.148098444427603226e+00 -1.152557941748551640e+00 2.550956050985786136e-02 1.378673231460257054e-01 2.603060273920838608e-01
1.586582395363098926e-09 9.966963746945273206e-01 8.107197735941755923e+01 -1.170067740033094772e+00 -9.839590037661811728e-01 2.459901150002719028e-02 1.258553581386877562e-01 4.469368127915241407e-01
2.442889653049690346e-09 9.956380688865565931e-01 5.877455752957711610e+01 -1.199410900241111300e+00 -1.315297641097837422e+00 1.739772141020076018e-02 1.088371633149801260e-01 1.923885298164855207e-01
3.023190065671470439e-09 9.725472280075783127e-01 5.360802630966311710e+01 -5.681978378924913420e-01 -9.309220121565962014e-01 2.582430978063815497e-02 1.584705314888288641e-01 4.524518226701215035e-02
2.435248740104676412e-09 9.848026828852807224e-01 7.666540255976184426e+01 -1.219340017703068435e+00 -1.100706257264111088e+00 2.410420826380071935e-02 1.524440336518197159e-01 4.152902727756987988e-01
3.095458396148180007e-09 9.742916787394992895e-01 6.903277350884837915e+01 -8.152321358030993892e-01 -1.896319305986858161e+00 1.916052368518303753e-02 1.410418054162761170e-01 4.162409528821292559e-01
2.201617669293552452e-09 9.346790012013573845e-01 7.315517710603086243e+01 -7.557476984066595627e-01 -1.406717870098121326e+00 1.841689931732848687e-02 1.422786144389831808e-01 4.667037980379489248e-01
2.154115544336134938e-09 9.892792450168885754e-01 7.010249117817801334e+01 -9.600639469667754389e-01 -1.302548901894741151e+00 2.553003181014907100e-02 1.150688598848648714e-01 4.062463586426510176e-01
2.057805233593625373e-09 9.513086161925496942e-01 7.278521524437444157e+01 -1.243401223152045709e+00 -1.027180859335604879e+00 2.572517488321809237e-02 1.400912649557953249e-01 3.596966826308498622e-01
1.879516716269961384e-09 9.832597681262680300e-01 5.799382522540655316e+01 -7.915416199519471618e-01 -1.115691716838114189e+00 1.966235215960911512e-02 8.126290244837185150e-02 2.558514071477042684e-01
1.749497428994106742e-09 9.739343196168139816e-01 7.836683362303921285e+01 -1.039480533338765555e+00 -6.924790362925867804e-01 2.534447139273640626e-02 1.223979358660386429e-01 4.330161708931762887e-01
3.052308251838855630e-09 9.635159450468170350e-01 6.658699427713229113e+01 -1.113110156830809272e+00 -7.559081420346935865e-02 2.629757543497188849e-02 8.465596901482402847e-02 9.749629548226060316e-02
1.898946378521477052e-09 9.429921188752942163e-01 5.369418012818979236e+01 -1.171611475230104560e+00 -1.280249680793661637e+00 1.888996303242903435e-02 8.398058738212876850e-02 3.633517889648387733e-01
2.736082069106370981e-09 9.435427845024196847e-01 7.164253843103767849e+01 -1.271847536778066612e+00 -2.537517914772755567e-01 2.062613457212511894e-02 1.567644037258175416e-01 8.133006228223803313e-02
2.568586614210753926e-09 9.867614911402362576e-01 6.912660805700636502e+01 -1.475895086837189396e+00 -1.740169508023159617e+00 2.438259414113877477e-02 1.107509575256920425e-01 1.152647714165079412e-01
2.406604623474292831e-09 9.450631804831215454e-01 6.998598917188324720e+01 -1.324241343929645875e+00 -9.726749835172876502e-01 2.461842293679353949e-02 1.263050556090657139e-01 2.683097233616277832e-01
1.562815733623665875e-09 1.002656328083605830e+00 6.178778294864891762e+01 -5.619522227779867318e-01 -1.097720084743936786e+00 2.196985731632183567e-02 1.239001809626770201e-01 3.476391411556332134e-01
2.508544805121396102e-09 9.393967492893121607e-01 6.658550647933296318e+01 -9.626320164317553330e-01 -1.508841892227341663e-01 2.033855280484508574e-02 1.013338319852606501e-01 1.237339147695113439e-01
2.860954336494818461e-09 1.002787185097206546e+00 7.691999760426715227e+01 -1.038799299244717034e+00 -1.022159369845234256e+00 1.867193948665025680e-02 1.416666038938450556e-01 4.563624781881870374e-01
1.700994506894277770e-09 9.943199323418989710e-01 7.727010005220395783e+01 -9.421763901671738051e-01 -1.095855191375087578e+00 2.239694248176573449e-02 1.377082020288737108e-01 5.389598274312584758e-02
1.637739691529881955e-09 9.583014131631999444e-01 7.876182593817340205e+01 -1.366594313614087453e+00 -1.664066592166529857e+00 2.404397890631282050e-02 1.072334597034508563e-01 4.139824670095639259e-01
2.671031742767599427e-09 9.969660310786356838e-01 5.752845938747334031e+01 -7.740932880740276634e-01 -1.013624851978339292e+00 1.969137877812155574e-02 1.411527879362908799e-01 1.521094319248804394e-01
2.998894636140602490e-09 9.974241300610433569e-01 6.707779315790453722e+01 -1.396458361191391218e+00 -1.126369149178729323e+00 2.015660843103746214e-02 9.413789073729034174e-02 2.564111250200496600e-02
1.345613935088496664e-09 9.613777146222390879e-01 7.648512623270491417e+01 -7.123943813484746590e-01 -1.265800938588014013e+00 2.414780631442359909e-02 1.352283371597658157e-01 4.184059611149728575e-01
2.568703711888397726e-09 9.477618764668540585e-01 7.141501065107337354e+01 -1.166004560403038459e+00 -1.911682841894707829e+00 2.307596118917177447e-02 8.817915262025347034e-02 3.883736102181816752e-01
2.463485448889750672e-09 9.317318625312053237e-01 6.974529324968349897e+01 -6.173457710469214543e-01 -1.904036542883569938e+00 2.117556251097489281e-02 9.800687714316111410e-02 2.634987925206170312e-01
1.825900718489154998e-09 9.751987877104956182e-01 7.868146169697310199e+01 -1.193391506257119428e+00 -1.100152038330477922e+00 2.202130726449817721e-02 1.021581614968962992e-01 4.300649656989818381e-01
1.760326930626268403e-09 9.957663856325924545e-01 7.543318944419783634e+01 -1.352063716438035135e+00 -1.150984771748081892e+00 1.795005539184560406e-02 1.365380473571589093e-01 3.623902747867565610e-01
1.336149685123757723e-09 1.008673232280206111e+00 6.561857487973702519e+01 -1.480801907886158286e+00 -9.679012410010436884e-01 2.574599214994700500e-02 1.252283553479155986e-01 2.392023634855514058e-01
1.886469660369541425e-09 1.008327118582138082e+00 7.701903519255948538e+01 -1.251384230444617662e+00 -1.986977219366597991e+00 2.547208663598928696e-02 1.089424405771383664e-01 3.695505954868136822e-01
2.353200447392915968e-09 9.718161353724537044e-01 5.621720305034821052e+01 -6.384080326916128367e-01 -5.854422964843859489e-01 2.330046315143735267e-02 9.861340786337371989e-02 4.528672182569661864e-01
2.910659589254961721e-09 9.361096293837651849e-01 5.305813651892483307e+01 -1.147208453655212068e+00 -3.056536044117650341e-01 2.601208320978452490e-02 9.278362118018956828e-02 2.647717322160307862e-01
1.208068988116921056e-09 9.942522985637037847e-01 5.201190061297637612e+01 -8.479821096401344294e-01 -1.278801345345272011e+00 2.542284166558846092e-02 1.364257534404976213e-01 3.294705975421594601e-01
1.906152609180205204e-09 9.995721363056565556e-01 5.603572416977907977e+01 -1.208628597254269188e+00 -1.709986228687528698e+00 1.741121387270175291e-02 1.290749310535260208e-01 3.929566174753223312e-02
2.834535865758778670e-09 9.377829538474532489e-01 6.473152360993699972e+01 -1.347856891504518373e+00 -8.609107991750570843e-01 2.132897606596775852e-02 1.161908953717719489e-01 3.453067953740180385e-01
1.875003136844428144e-09 9.854307662158184877e-01 6.949633636996281894e+01 -6.617994781086969924e-01 -1.910505248638301845e+00 2.080924124933566932e-02 1.445246455359062709e-01 2.036180282314393186e-01
1.530952318626721124e-09 9.386643105267195031e-01 7.860756505209292300e+01 -4.479351553598387436e-01 -1.051581553849298967e-01 1.746947952764373382e-02 1.294745374243121139e-01 3.341309482732030545e-01
1.835768216017340925e-09 9.396909496192719091e-01 6.997292898829984154e+01 -1.307076628024008702e+00 -7.622175914587803192e-03 2.037402816444687861e-02 1.486875767197745613e-01 1.184204271997563729e-01
2.171961034448003118e-09 9.425927713013861897e-01 7.653487464202028434e+01 -9.891917162664253249e-01 -1.568921241912127229e+00 2.680133501190854264e-02 1.245783223143591412e-01 2.114800044244318500e-01
1.715131177647334282e-09 9.673855217780681359e-01 7.632278027702312784e+01 -4.461257663776263538e-01 -1.716299900331259565e-01 2.307235572134581914e-02 1.046224217902765596e-01 3.786803940361716525e-01
1.135250600373741468e-09 9.365654723073891796e-01 7.672438723749863243e+01 -6.915438357480290232e-01 -1.846990802856959935e+00 2.402257983651785722e-02 1.067220768390413632e-01 2.956308428452769088e-01
2.405218552175355191e-09 9.903344450893739603e-01 8.167927429920348459e+01 -1.332523722962869250e+00 -1.951080630316720743e+00 2.409396227921762473e-02 8.874964094935433589e-02 4.628610707523131418e-01
2.425894915437260762e-09 9.473176823938164182e-01 6.998349499944362151e+01 -7.782863285116278229e-01 -3.273845607385261758e-02 2.160626702739141397e-02 1.001443212416537054e-01 3.224608702978299934e-01
2.474958353795569312e-09 9.406855205419222266e-01 6.499130675723482398e+01 -1.530483632745611722e+00 -1.738279420726859703e+00 2.349229428039461415e-02 8.742103318540664358e-02 4.313838315465558515e-01
1.377277843620530786e-09 9.361904773967799631e-01 6.463308830067894917e+01 -1.494273905296244376e+00 -3.872234745682472390e-01 2.655879355082393228e-02 9.002071880835235684e-02 4.021146883674007744e-01
2.600699866848204842e-09 1.003058145844528459e+00 7.195009828294681142e+01 -8.204938429435937319e-01 -3.651193157200671724e-01 2.086653771852751277e-02 1.108824148723351333e-01 2.077009791857377108e-01
2.036076091675793080e-09 9.555114621852424106e-01 6.615982552157286989e+01 -8.626883631525572582e-01 -1.049563381861816636e+00 2.472327648391126759e-02 1.325460075471158738e-01 1.957224291859679111e-01
2.719122068204260304e-09 1.002470443784295284e+00 5.592169742776896868e+01 -9.658829241733708493e-01 -9.490988597369991453e-01 2.175831646339530800e-02 1.263053094908150320e-01 2.810783722197660039e-02
1.836470521738161867e-09 9.438044117307131664e-01 7.920567642696025246e+01 -7.397519718698308822e-01 -1.725134611455692024e-01 2.073273230166563022e-02 9.534176032237724752e-02 9.899572727659998461e-02
1.123490878715167451e-09 9.766573862482980095e-01 5.906598559605904342e+01 -7.765952674672758071e-01 -9.485428413370622369e-01 1.931173631805955734e-02 1.040852191056617082e-01 4.280975280412354089e-01
2.849859552276167141e-09 9.678633493570532043e-01 6.956086483104139973e+01 -5.756583869561879840e-01 -8.547582471967847262e-01 2.658201340354512596e-02 1.046423614603669699e-01 2.398874663141725982e-01
2.426267564682350182e-09 1.005039193664933439e+00 7.360957526297445952e+01 -8.863064663342393734e-01 -1.275732960797410165e+00 2.242511133094712145e-02 1.005870332873617795e-01 2.792536260213916433e-01
1.736215510141980675e-09 9.390453417338767705e-01 8.121445515480512256e+01 -1.317249698171828021e+00 -1.625634300464353865e+00 2.361082672176202657e-02 1.084374518102933366e-01 3.104748112896926204e-01
1.897678299103382830e-09 9.396427941552792928e-01 7.474117050548954921e+01 -1.506446368301368688e+00 -5.505161520427437338e-01 2.008715962652599107e-02 1.409591083596826444e-01 1.433819054941168347e-01
2.531014778704006631e-09 9.834409357799939189e-01 7.517293595871882417e+01 -9.849882170377073365e-01 -1.529507700454501684e+00 2.166204191404675836e-02 1.079076352609350808e-01 4.666221598051328856e-01
1.183245250761893065e-09 9.857437483182799332e-01 5.644916906063763662e+01 -7.068022087807017684e-01 -1.816940849140215919e+00 2.053642616651131167e-02 1.208387753069809223e-01 4.144953844459779435e-01
1.282944755919150175e-09 9.756100908397508098e-01 6.359850773256753342e+01 -6.293184244284261153e-01 -2.269828799767878991e-01 2.705189268480476944e-02 1.189479964018909375e-01 1.200512055600358174e-01
2.339649873513211756e-09 9.572052291616321984e-01 8.164118062237054119e+01 -1.410259274375407212e+00 -1.027710225152971280e+00 2.705493164888186919e-02 1.380846259710625801e-01 4.356393475604989352e-01
2.493530852515207296e-09 9.843372974301795031e-01 5.800423914319345897e+01 -1.195048268368659850e+00 -1.112371136195856147e+00 1.950416081002918911e-02 1.494465740001218179e-01 6.329154340299356085e-02
1.872352495366319934e-09 1.007424720834569687e+00 7.278798387231711331e+01 -8.411787507643440076e-01 -6.789953431875432877e-01 2.490578781361954541e-02 1.369127583042649421e-01 4.207745933028029239e-01
1.554097365071672085e-09 9.678364480695451633e-01 7.844819278594619050e+01 -6.424174198584299278e-01 -1.277316309020347429e+00 2.485605720912293509e-02 1.199051566945288638e-01 2.579200599413905559e-01
1.195874636068410877e-09 9.621904194677084465e-01 5.317777226520280465e+01 -1.030134460868989965e+00 -1.361110689000889717e+00 2.251068167050947894e-02 1.013314147318908343e-01 4.616044411522783886e-01
